shipment_id,ship_date,origin_hub,destination_region,transport_mode,carrier,shipment_volume_m3,weight_kg,distance_km,planned_delivery_days,actual_delivery_days,delivery_delay_days,transportation_cost,fuel_surcharge_pct,on_time_flag,damaged_flag,customer_rating
1,2025-04-13,Newark,International,Rail,Carrier B,2.49,500.8,5648.8,12,11,-1,3353.0,5.8,1,0,4.79
2,2025-01-22,Los Angeles,Midwest,Road,Carrier B,1.58,227.9,446.5,2,2,0,588.94,11.9,1,0,4.43
3,2025-11-03,Los Angeles,Midwest,Road,Carrier D,6.43,721.8,246.7,1,3,2,522.35,15.5,0,0,4.83
4,2025-03-22,Newark,Northeast,Rail,Carrier B,0.79,155.8,864.6,3,4,1,563.95,13.9,0,0,4.53
5,2025-08-03,Newark,Northeast,Road,Carrier B,1.92,228.5,954.7,2,2,0,1135.07,4.1,1,0,4.85
6,2025-12-10,Chicago,Northeast,Road,Carrier C,5.73,517.5,1006.2,2,2,0,1419.41,4.0,1,0,5.0
7,2025-08-04,Los Angeles,Southwest,Air,Carrier D,2.83,527.3,740.5,1,1,0,2865.97,10.8,1,0,5.0
8,2025-02-11,Newark,Northeast,Road,Carrier B,1.92,215.3,818.4,2,1,-1,1008.38,7.3,1,0,5.0
9,2025-01-28,Newark,Northeast,Sea,Carrier B,1.65,230.2,865.8,4,3,-1,292.81,15.9,1,1,2.44
10,2025-06-14,Chicago,Northeast,Road,Carrier D,3.53,461.8,869.1,3,1,-2,1211.59,17.4,1,0,4.23
11,2025-04-23,Chicago,Southeast,Sea,Carrier B,2.82,493.9,894.0,4,3,-1,318.65,9.7,1,0,4.69
12,2025-07-03,Atlanta,Southeast,Rail,Carrier B,2.9,555.3,937.9,3,3,0,649.3,10.6,1,0,4.83
13,2025-12-12,Atlanta,West,Road,Carrier A,2.68,528.5,1700.1,4,6,2,2472.84,14.0,0,0,4.95
14,2025-09-20,Newark,Northeast,Sea,Carrier B,3.15,335.0,879.3,3,4,1,322.11,13.5,0,0,4.49
15,2025-06-10,Newark,Northeast,Road,Carrier D,3.73,382.8,1013.1,2,1,-1,1348.91,13.4,1,0,5.0
16,2025-10-16,Seattle,Southeast,Rail,Carrier B,4.1,381.6,685.2,2,3,1,489.46,7.0,0,0,4.57
17,2025-09-21,Atlanta,Midwest,Road,Carrier B,5.44,815.5,542.6,2,2,0,823.59,14.5,1,0,5.0
18,2025-02-15,Los Angeles,West,Rail,Carrier D,4.64,1008.1,1466.7,4,1,-3,997.13,7.6,1,0,4.96
19,2025-01-18,Chicago,Southeast,Rail,Carrier D,1.05,126.8,506.5,2,4,2,347.76,15.7,0,0,4.38
20,2025-06-19,Dallas,West,Rail,Carrier D,4.36,746.1,2022.6,5,10,5,1396.26,14.9,0,0,2.54
21,2025-11-18,Seattle,Southeast,Road,Carrier D,3.36,287.2,562.3,2,3,1,850.3,11.1,0,0,4.38
22,2025-04-18,Los Angeles,Midwest,Rail,Carrier A,8.76,864.1,597.1,3,2,-1,572.01,13.7,1,0,4.48
23,2025-02-27,Dallas,Northeast,Sea,Carrier C,1.54,156.9,401.9,2,6,4,146.14,11.2,0,0,2.9
24,2025-09-29,Los Angeles,Southwest,Air,Carrier B,0.67,125.3,1229.5,1,1,0,4393.78,4.7,1,0,4.91
25,2025-08-06,Dallas,Midwest,Road,Carrier A,0.34,57.8,734.0,2,1,-1,885.55,8.6,1,0,5.0
26,2025-11-21,Los Angeles,Northeast,Road,Carrier B,3.17,508.2,802.0,2,3,1,1204.55,12.6,0,0,4.87
27,2025-11-19,Chicago,International,Sea,Carrier A,2.01,397.7,6106.5,18,20,2,2034.17,15.2,0,0,4.34
28,2025-03-16,Los Angeles,Northeast,Road,Carrier D,0.23,37.7,661.4,2,3,1,768.88,4.9,0,0,5.0
29,2025-08-12,Los Angeles,Southeast,Air,Carrier C,1.77,264.1,951.5,1,1,0,3520.48,7.5,1,0,4.84
30,2025-10-11,Seattle,Southwest,Road,Carrier B,6.44,1368.6,1246.0,3,5,2,1607.84,4.7,0,0,4.93
31,2025-08-27,Newark,Southwest,Rail,Carrier D,2.44,330.5,1101.1,4,6,2,692.99,5.2,0,0,4.38
32,2025-12-31,Chicago,West,Road,Carrier D,0.5,73.5,888.4,2,4,2,1257.54,13.6,0,0,3.91
33,2025-06-22,Los Angeles,Southeast,Air,Carrier C,4.77,836.5,477.9,1,1,0,1894.87,9.0,1,0,5.0
34,2025-04-27,Seattle,West,Sea,Carrier B,2.42,505.1,1104.6,4,4,0,382.96,13.4,1,0,4.81
35,2025-05-23,Chicago,Southwest,Air,Carrier D,11.51,1223.7,861.0,1,1,0,3423.42,8.3,1,0,4.23
36,2025-07-31,Los Angeles,Southwest,Road,Carrier D,5.08,1068.8,1090.6,3,4,1,1378.44,3.7,0,0,5.0
37,2025-08-12,Chicago,Southeast,Rail,Carrier B,3.64,310.1,794.4,2,4,2,523.31,3.2,0,0,4.34
38,2025-05-13,Seattle,International,Air,Carrier C,1.74,188.9,8867.3,3,4,1,32327.41,7.1,0,0,4.73
39,2025-02-03,Newark,Southeast,Road,Carrier B,7.05,1369.2,1011.2,3,3,0,1341.86,4.3,1,0,4.77
40,2025-07-26,Los Angeles,Southwest,Air,Carrier A,6.19,874.7,1634.8,2,1,-1,6161.99,8.2,1,0,4.81
41,2025-09-04,Dallas,West,Sea,Carrier A,2.97,427.9,1867.1,7,9,2,588.04,10.4,0,0,3.68
42,2025-04-21,Chicago,Midwest,Air,Carrier B,1.35,185.2,583.7,2,2,0,2229.57,10.7,1,0,4.45
43,2025-10-04,Los Angeles,Southeast,Road,Carrier A,8.86,1817.2,1013.4,2,4,2,1445.55,8.0,0,0,4.18
44,2025-08-02,Seattle,Northeast,Road,Carrier A,3.43,718.8,620.0,2,2,0,880.21,14.4,1,0,4.9
45,2025-07-06,Atlanta,Southwest,Sea,Carrier B,1.26,194.8,1031.9,4,4,0,306.67,7.0,1,0,4.74
46,2025-10-27,Chicago,West,Air,Carrier C,2.98,462.7,1021.5,1,2,1,4043.61,14.2,0,0,4.44
47,2025-01-06,Newark,Southwest,Air,Carrier B,3.06,288.9,832.9,1,1,0,3086.06,6.7,1,0,4.76
48,2025-04-05,Chicago,Northeast,Road,Carrier B,4.0,777.8,627.2,2,2,0,833.01,5.6,1,0,5.0
49,2025-01-26,Atlanta,West,Road,Carrier D,1.34,207.2,1663.0,4,5,1,2129.47,14.5,0,0,4.91
50,2025-11-29,Atlanta,Midwest,Road,Carrier B,10.44,1836.6,501.3,1,4,3,941.68,5.1,0,1,2.27
51,2025-02-07,Atlanta,Southeast,Sea,Carrier C,3.41,304.7,669.6,3,3,0,260.95,11.6,1,0,5.0
52,2025-09-27,Newark,Northeast,Road,Carrier C,3.73,755.5,717.6,2,4,2,1017.26,15.2,0,0,3.93
53,2025-12-19,Chicago,Southeast,Sea,Carrier B,5.59,538.5,398.2,3,4,1,264.74,12.4,0,0,4.74
54,2025-06-06,Chicago,Midwest,Sea,Carrier C,2.05,378.3,448.1,2,1,-1,180.35,11.5,1,0,4.86
55,2025-10-21,Los Angeles,Northeast,Rail,Carrier A,7.09,795.3,965.8,3,2,-1,770.87,13.8,1,0,5.0
56,2025-10-26,Atlanta,Southeast,Road,Carrier D,0.47,100.9,1322.3,3,4,1,1639.73,11.8,0,0,4.52
57,2025-11-12,Atlanta,International,Air,Carrier C,3.53,567.6,6070.4,3,4,1,25388.59,9.4,0,0,4.2
58,2025-12-12,Seattle,Northeast,Rail,Carrier A,1.16,153.9,774.8,3,3,0,536.17,6.1,1,0,4.63
59,2025-09-01,Chicago,West,Sea,Carrier B,5.41,457.5,1486.1,6,6,0,507.39,6.7,1,0,5.0
60,2025-05-30,Dallas,Northeast,Air,Carrier A,1.5,225.4,660.4,1,1,0,2370.14,4.0,1,0,5.0
61,2025-02-01,Seattle,Northeast,Road,Carrier B,1.63,233.8,771.1,2,2,0,969.28,9.6,1,0,4.53
62,2025-09-21,Los Angeles,Northeast,Rail,Carrier A,3.15,683.8,840.7,3,4,1,630.87,16.0,0,0,3.95
63,2025-09-12,Los Angeles,Midwest,Road,Carrier B,3.35,644.8,542.6,2,3,1,760.82,12.0,0,0,4.49
64,2025-11-07,Dallas,Northeast,Road,Carrier A,0.55,107.4,588.5,2,5,3,791.4,6.9,0,0,3.18
65,2025-09-18,Los Angeles,Southeast,Air,Carrier B,3.52,350.4,1036.4,2,2,0,3964.05,10.3,1,0,4.87
66,2025-04-25,Chicago,Southeast,Road,Carrier B,1.77,386.2,1202.9,3,3,0,1445.71,5.6,1,0,5.0
67,2025-02-03,Chicago,Southeast,Road,Carrier C,1.36,156.4,679.9,2,1,-1,856.76,10.4,1,0,4.87
68,2025-07-09,Dallas,Midwest,Road,Carrier D,2.51,453.8,642.9,2,3,1,899.47,17.2,0,0,3.9
69,2025-08-27,Newark,Northeast,Rail,Carrier C,2.02,260.6,775.2,2,5,3,533.53,13.6,0,0,3.48
70,2025-08-17,Newark,Southwest,Road,Carrier B,1.61,159.4,981.1,3,3,0,1219.04,9.7,1,0,5.0
71,2025-09-21,Los Angeles,West,Air,Carrier B,7.38,1282.2,1441.9,1,2,1,5676.21,11.8,0,0,4.1
72,2025-09-27,Los Angeles,Southwest,Road,Carrier A,7.39,647.7,1651.5,3,3,0,2171.49,10.8,1,0,4.49
73,2025-04-18,Newark,Midwest,Sea,Carrier B,0.3,57.3,676.8,3,1,-2,199.29,12.9,1,0,3.94
74,2025-04-18,Seattle,Southeast,Road,Carrier D,4.75,386.3,1064.1,2,2,0,1315.34,4.3,1,0,5.0
75,2025-08-24,Chicago,West,Road,Carrier B,1.39,180.8,1172.4,2,3,1,1417.22,7.4,0,0,4.59
76,2025-11-01,Chicago,Southwest,Road,Carrier D,5.92,860.7,1058.6,3,4,1,1531.6,5.5,0,0,5.0
77,2025-11-26,Atlanta,Northeast,Road,Carrier A,1.75,377.3,1124.2,3,5,2,1678.16,16.9,0,0,4.05
78,2025-06-27,Dallas,Southwest,Road,Carrier C,1.64,267.6,706.6,2,1,-1,851.14,4.4,1,0,4.75
79,2025-05-17,Atlanta,International,Rail,Carrier C,4.81,659.2,5418.4,12,15,3,3298.06,6.9,0,0,3.46
80,2025-11-12,Los Angeles,West,Sea,Carrier A,3.1,496.2,1397.1,5,9,4,523.85,11.2,0,0,3.46
81,2025-12-02,Newark,West,Rail,Carrier C,4.33,720.7,2006.0,5,7,2,1421.53,5.4,0,0,4.13
82,2025-12-29,Los Angeles,Southwest,Road,Carrier C,3.07,368.6,1036.7,3,5,2,1588.2,17.7,0,0,4.5
83,2025-12-10,Los Angeles,West,Road,Carrier C,4.43,747.1,927.4,3,4,1,1315.52,4.5,0,0,4.42
84,2025-08-07,Chicago,West,Air,Carrier B,1.83,299.2,1467.9,1,2,1,5234.76,4.0,0,0,5.0
85,2025-02-27,Dallas,Northeast,Road,Carrier D,7.14,1411.4,708.6,2,2,0,1019.39,6.5,1,0,4.26
86,2025-02-27,Newark,Southwest,Rail,Carrier A,4.04,589.4,858.3,3,4,1,592.46,5.4,0,0,5.0
87,2025-07-18,Atlanta,West,Road,Carrier D,8.64,1367.2,531.5,1,2,1,824.99,5.4,0,0,4.96
88,2025-03-13,Atlanta,International,Sea,Carrier B,1.31,236.6,3423.3,11,15,4,1015.03,14.4,0,0,3.5
89,2025-06-28,Chicago,Southeast,Sea,Carrier A,12.76,2020.4,1005.6,3,3,0,586.76,7.9,1,0,4.9
90,2025-03-18,Newark,Southeast,Road,Carrier D,4.72,405.0,746.6,2,1,-1,1070.11,17.3,1,0,5.0
91,2025-03-14,Chicago,Southwest,Rail,Carrier C,1.84,168.3,1220.1,4,6,2,786.33,11.2,0,0,5.0
92,2025-10-24,Newark,Southwest,Road,Carrier A,1.73,191.1,827.7,3,3,0,1022.55,8.1,1,0,5.0
93,2025-11-03,Newark,Midwest,Air,Carrier A,1.07,96.3,641.2,1,2,1,2634.97,6.9,0,0,4.76
94,2025-01-24,Newark,Southwest,Rail,Carrier C,17.54,2848.0,1161.8,3,3,0,1137.53,8.9,1,0,5.0
95,2025-10-22,Dallas,International,Sea,Carrier B,1.69,191.3,6659.0,20,14,-6,1854.37,9.1,1,0,4.45
96,2025-01-02,Los Angeles,West,Road,Carrier A,2.65,345.3,1905.5,4,5,1,2271.5,5.5,0,0,4.08
97,2025-06-13,Los Angeles,Southeast,Road,Carrier D,0.39,67.0,1161.2,2,1,-1,1411.22,9.7,1,0,4.48
98,2025-04-17,Los Angeles,Southeast,Road,Carrier C,2.04,322.5,559.7,2,4,2,685.52,3.5,0,0,4.07
99,2025-10-09,Los Angeles,Southwest,Road,Carrier A,9.01,1326.8,887.2,2,3,1,1216.38,3.3,0,0,4.63
100,2025-07-03,Atlanta,Midwest,Air,Carrier A,1.3,281.6,550.0,1,1,0,2153.09,13.1,1,0,4.92
101,2025-10-17,Chicago,West,Sea,Carrier C,12.77,2041.4,1476.1,5,5,0,775.26,17.0,1,0,4.57
102,2025-05-22,Los Angeles,Southwest,Air,Carrier A,3.87,778.7,1167.1,2,1,-1,4646.41,14.3,1,0,4.76
103,2025-04-08,Los Angeles,West,Sea,Carrier B,5.24,636.4,1285.7,5,4,-1,465.87,7.9,1,0,5.0
104,2025-11-12,Los Angeles,Midwest,Road,Carrier B,8.66,1255.0,753.5,2,4,2,1327.24,16.0,0,0,4.02
105,2025-06-03,Chicago,Southeast,Road,Carrier B,12.32,2387.2,895.5,2,3,1,1512.21,17.3,0,1,3.4
106,2025-10-08,Newark,International,Sea,Carrier D,1.57,181.7,6421.8,19,18,-1,1762.52,7.6,1,0,4.24
107,2025-06-07,Dallas,Southeast,Sea,Carrier C,1.15,221.0,989.3,4,4,0,296.03,7.4,1,0,4.67
108,2025-11-06,Chicago,Southeast,Road,Carrier A,13.66,2329.1,866.2,2,3,1,1546.88,8.4,0,0,4.73
109,2025-12-13,Los Angeles,Southeast,Rail,Carrier D,6.08,614.0,1239.7,3,5,2,947.92,5.3,0,0,4.17
110,2025-05-29,Chicago,Northeast,Road,Carrier A,4.49,757.3,1018.7,2,1,-1,1288.32,5.1,1,0,5.0
111,2025-02-11,Seattle,Midwest,Air,Carrier A,6.13,780.3,615.4,2,2,0,2547.86,14.6,1,0,5.0
112,2025-03-14,Chicago,Southeast,Road,Carrier A,1.56,175.8,1286.0,3,3,0,1681.2,16.2,1,0,4.2
113,2025-09-16,Seattle,Southwest,Sea,Carrier C,8.81,778.7,1093.5,4,5,1,521.74,17.4,0,0,4.2
114,2025-07-27,Dallas,Northeast,Road,Carrier C,7.21,1512.0,925.9,2,1,-1,1310.36,9.0,1,0,5.0
115,2025-05-29,Newark,Southwest,Road,Carrier C,3.32,595.2,1035.4,2,2,0,1309.94,7.5,1,0,4.72
116,2025-09-06,Chicago,Midwest,Rail,Carrier A,4.17,664.2,470.1,2,1,-1,391.53,10.5,1,0,5.0
117,2025-06-07,Dallas,West,Rail,Carrier C,1.97,205.4,1638.2,4,4,0,1017.98,8.2,1,0,5.0
118,2025-10-08,Los Angeles,West,Sea,Carrier B,7.53,1132.0,1566.1,5,6,1,590.25,5.2,0,0,4.8
119,2025-04-06,Newark,Southeast,Road,Carrier B,3.71,618.2,912.1,2,1,-1,1147.65,5.3,1,0,4.91
120,2025-05-10,Seattle,International,Sea,Carrier C,1.79,158.7,8236.1,25,24,-1,2470.66,18.0,1,0,4.39
121,2025-11-04,Newark,Midwest,Road,Carrier A,2.71,356.5,614.1,2,4,2,948.62,15.4,0,0,3.97
122,2025-09-03,Seattle,Southeast,Rail,Carrier A,0.71,80.6,317.0,2,2,0,217.37,15.0,1,0,4.6
123,2025-07-07,Atlanta,Midwest,Rail,Carrier A,0.99,182.1,496.1,2,2,0,322.42,8.6,1,0,5.0
124,2025-04-23,Chicago,Northeast,Air,Carrier D,3.82,723.5,758.1,2,2,0,2948.95,10.4,1,0,4.4
125,2025-12-09,Los Angeles,Northeast,Rail,Carrier B,2.5,450.5,744.9,2,3,1,547.6,4.1,0,1,2.56
126,2025-05-19,Newark,West,Air,Carrier A,6.68,554.4,1059.9,1,1,0,4384.83,17.5,1,0,5.0
127,2025-02-18,Newark,Southwest,Rail,Carrier B,1.84,352.6,1327.8,3,3,0,912.75,17.7,1,0,5.0
128,2025-10-15,Newark,Northeast,Road,Carrier A,1.46,228.7,901.6,2,2,0,1081.38,5.5,1,0,5.0
129,2025-06-23,Chicago,Southwest,Road,Carrier C,2.63,379.7,1128.1,3,3,0,1479.95,13.9,1,0,4.58
130,2025-03-27,Seattle,International,Sea,Carrier A,2.79,541.8,6754.4,20,20,0,1943.76,10.6,1,0,5.0
131,2025-07-08,Chicago,Midwest,Road,Carrier B,5.11,953.9,712.8,2,2,0,998.38,9.9,1,1,3.83
132,2025-04-14,Atlanta,Southeast,Rail,Carrier A,8.79,935.0,691.5,2,3,1,641.71,14.8,0,0,4.02
133,2025-08-31,Seattle,West,Sea,Carrier B,9.07,1478.4,1012.8,4,3,-1,505.76,9.2,1,0,5.0
134,2025-01-20,Chicago,Midwest,Road,Carrier B,3.3,523.6,428.4,2,1,-1,618.59,13.1,1,0,5.0
135,2025-11-01,Seattle,Northeast,Air,Carrier C,3.19,310.2,689.8,1,3,2,2872.99,6.5,0,0,4.51
136,2025-04-28,Los Angeles,Northeast,Air,Carrier B,4.45,822.1,976.4,1,1,0,4020.83,17.3,1,0,5.0
137,2025-09-16,Los Angeles,Southwest,Air,Carrier B,4.11,361.2,1012.2,2,2,0,3746.45,6.4,1,0,4.44
138,2025-03-15,Los Angeles,Southwest,Air,Carrier A,2.41,351.6,298.4,1,1,0,1145.32,7.2,1,0,5.0
139,2025-12-02,Seattle,Midwest,Rail,Carrier A,3.42,570.7,413.4,2,3,1,372.34,8.2,0,0,4.53
140,2025-06-09,Atlanta,International,Air,Carrier D,2.75,501.8,6166.4,3,3,0,22462.45,6.8,1,0,5.0
141,2025-12-11,Los Angeles,Southwest,Road,Carrier A,2.11,420.8,660.9,2,3,1,968.43,10.9,0,0,4.77
142,2025-06-18,Seattle,Midwest,Air,Carrier A,2.48,429.5,586.6,1,2,1,2145.69,4.5,0,0,5.0
143,2025-03-17,Seattle,West,Road,Carrier A,1.76,181.8,1308.7,3,4,1,1687.51,14.4,0,0,4.73
144,2025-08-02,Newark,West,Road,Carrier B,5.56,831.6,1311.7,2,2,0,1770.0,12.9,1,0,5.0
145,2025-11-03,Atlanta,Northeast,Road,Carrier A,3.92,752.2,686.4,2,4,2,1112.92,16.7,0,0,4.39
146,2025-09-25,Dallas,Southeast,Rail,Carrier D,2.29,469.3,709.6,3,2,-1,471.78,5.3,1,0,4.71
147,2025-02-01,Chicago,West,Road,Carrier D,3.66,617.8,1471.3,3,3,0,1980.27,16.2,1,0,5.0
148,2025-10-08,Newark,West,Road,Carrier C,3.86,600.6,2306.3,5,5,0,2826.99,7.7,1,0,4.93
149,2025-08-01,Dallas,West,Rail,Carrier B,2.06,371.9,1857.1,5,5,0,1248.63,16.6,1,0,5.0
150,2025-10-06,Seattle,Southwest,Rail,Carrier C,2.0,161.1,696.5,3,3,0,444.32,5.5,1,0,4.91
151,2025-10-30,Seattle,Southeast,Road,Carrier C,7.82,880.8,766.3,2,2,0,1043.5,3.9,1,0,5.0
152,2025-08-07,Atlanta,Northeast,Road,Carrier B,3.34,723.8,869.2,2,3,1,1139.39,9.3,0,0,4.73
153,2025-08-03,Seattle,West,Road,Carrier D,5.07,1088.0,1466.7,3,4,1,1876.24,7.6,0,0,4.86
154,2025-04-30,Seattle,Northeast,Road,Carrier A,3.2,626.2,722.7,2,1,-1,930.3,6.4,1,0,4.74
155,2025-09-21,Dallas,Southwest,Air,Carrier D,5.05,816.1,1037.2,2,2,0,4218.59,15.8,1,0,4.63
156,2025-07-20,Los Angeles,Northeast,Rail,Carrier A,1.95,282.8,847.7,2,2,0,550.89,8.1,1,0,5.0
157,2025-06-28,Newark,Southwest,Road,Carrier A,1.36,296.7,932.1,2,1,-1,1157.11,9.1,1,0,5.0
158,2025-12-28,Chicago,Midwest,Road,Carrier B,0.13,20.9,525.8,2,2,0,753.93,15.8,1,0,5.0
159,2025-12-19,Dallas,Midwest,Road,Carrier A,1.97,382.2,536.1,2,3,1,824.29,15.3,0,0,4.68
160,2025-02-08,Los Angeles,Southwest,Road,Carrier B,7.92,1378.1,1248.1,3,2,-1,1765.13,13.1,1,0,5.0
161,2025-06-23,Seattle,Southeast,Road,Carrier B,1.64,235.5,994.4,2,2,0,1184.44,4.8,1,0,4.95
162,2025-08-31,Chicago,International,Air,Carrier C,6.65,1123.7,6115.3,3,2,-1,23503.48,12.2,1,0,4.76
163,2025-01-02,Los Angeles,Northeast,Road,Carrier A,2.92,432.8,872.3,2,2,0,1062.95,3.7,1,0,4.22
164,2025-10-06,Chicago,Northeast,Road,Carrier D,1.59,319.0,946.5,2,2,0,1150.17,6.4,1,0,5.0
165,2025-02-10,Atlanta,Midwest,Road,Carrier B,6.1,630.1,327.7,1,2,1,508.05,5.1,0,0,4.21
166,2025-06-06,Dallas,Southwest,Air,Carrier A,2.66,465.6,892.5,1,1,0,3360.89,8.5,1,0,4.99
167,2025-04-23,Los Angeles,International,Sea,Carrier D,1.08,118.4,6420.2,20,20,0,1776.94,9.2,1,0,4.66
168,2025-09-02,Seattle,Northeast,Rail,Carrier B,2.03,444.4,711.3,2,1,-1,462.9,4.3,1,0,4.99
169,2025-06-11,Los Angeles,West,Rail,Carrier B,1.15,100.9,1539.0,4,3,-1,930.37,7.1,1,0,4.21
170,2025-04-02,Los Angeles,Midwest,Air,Carrier B,3.73,622.6,593.5,1,1,0,2292.29,8.9,1,0,5.0
171,2025-05-27,Atlanta,International,Air,Carrier B,2.24,265.1,3745.5,2,2,0,14980.08,17.2,1,0,5.0
172,2025-08-24,Newark,West,Air,Carrier B,1.35,180.9,1389.8,1,1,0,5248.92,10.4,1,0,5.0
173,2025-08-27,Newark,West,Road,Carrier D,0.8,98.4,1282.1,3,4,1,1477.1,3.5,0,0,4.89
174,2025-04-24,Seattle,Southwest,Air,Carrier C,2.14,413.1,784.4,1,1,0,2888.45,6.2,1,0,5.0
175,2025-11-23,Seattle,Northeast,Rail,Carrier C,1.74,327.0,902.6,3,5,2,691.12,14.5,0,0,3.89
176,2025-09-22,Dallas,Northeast,Road,Carrier B,2.58,497.9,842.4,3,3,0,1030.75,4.1,1,0,4.24
177,2025-05-25,Dallas,West,Air,Carrier A,2.64,297.1,1474.7,1,1,0,5833.59,15.1,1,0,5.0
178,2025-08-09,Los Angeles,West,Road,Carrier A,7.93,1432.9,1332.2,3,3,0,1818.19,9.8,1,0,5.0
179,2025-01-14,Dallas,Southwest,Rail,Carrier C,6.2,1168.9,1204.5,3,7,4,899.41,10.5,0,0,3.53
180,2025-03-16,Chicago,Southwest,Road,Carrier A,1.77,316.3,763.1,2,2,0,1019.32,15.6,1,1,3.83
181,2025-06-06,Newark,Northeast,Road,Carrier A,2.02,414.6,626.6,2,3,1,863.21,16.6,0,0,4.57
182,2025-11-12,Atlanta,West,Air,Carrier A,4.47,531.7,2093.6,1,2,1,9135.36,13.1,0,0,4.53
183,2025-07-30,Newark,International,Sea,Carrier B,5.91,564.9,3388.4,11,10,-1,1104.8,14.6,1,1,3.39
184,2025-08-17,Los Angeles,Southeast,Air,Carrier B,4.01,767.3,973.7,1,1,0,3528.27,3.5,1,0,5.0
185,2025-11-06,Seattle,Midwest,Road,Carrier A,5.98,934.2,457.5,1,2,1,811.77,13.3,0,0,4.67
186,2025-06-12,Chicago,Southwest,Road,Carrier D,5.66,486.2,1020.6,2,1,-1,1409.32,14.4,1,0,4.65
187,2025-04-02,Dallas,West,Air,Carrier A,0.67,94.3,1148.3,1,1,0,4236.27,8.1,1,0,5.0
188,2025-01-12,Atlanta,Southwest,Road,Carrier D,4.38,721.7,693.4,2,4,2,917.2,6.1,0,0,4.32
189,2025-06-06,Dallas,Southwest,Road,Carrier A,5.44,617.0,1141.6,3,5,2,1543.26,12.8,0,0,4.79
190,2025-01-17,Atlanta,Southwest,Air,Carrier D,2.05,446.2,1081.4,1,1,0,4348.84,16.6,1,0,5.0
191,2025-06-24,Newark,Southeast,Air,Carrier B,3.4,715.3,1016.4,1,1,0,3772.99,6.5,1,0,4.32
192,2025-08-14,Los Angeles,International,Sea,Carrier B,0.87,138.2,4921.0,15,15,0,1377.77,10.2,1,0,4.66
193,2025-11-27,Los Angeles,Midwest,Road,Carrier C,3.71,508.7,550.4,2,2,0,851.97,10.8,1,0,5.0
194,2025-11-07,Seattle,Southwest,Sea,Carrier A,4.1,421.1,979.9,4,5,1,417.49,13.8,0,0,5.0
195,2025-07-06,Newark,Midwest,Rail,Carrier B,4.68,789.9,646.9,2,2,0,501.79,7.8,1,0,4.81
196,2025-04-11,Atlanta,Northeast,Road,Carrier C,2.24,468.0,853.2,3,2,-1,1032.36,3.7,1,0,4.46
197,2025-04-27,Seattle,International,Sea,Carrier B,6.71,1066.7,3595.1,11,10,-1,1187.51,12.8,1,0,5.0
198,2025-07-22,Chicago,Northeast,Road,Carrier A,2.15,347.1,609.2,2,3,1,803.95,11.7,0,0,4.28
199,2025-07-07,Dallas,West,Road,Carrier C,2.24,364.1,1735.3,3,1,-2,2117.39,8.0,1,0,3.96
200,2025-10-07,Atlanta,West,Road,Carrier C,4.87,987.7,1469.6,3,4,1,1864.31,7.2,0,0,4.88
201,2025-12-23,Chicago,International,Sea,Carrier A,1.19,216.1,2162.4,8,7,-1,678.33,6.4,1,0,5.0
202,2025-12-09,Dallas,Southeast,Road,Carrier C,2.05,421.8,1004.1,3,4,1,1525.52,17.8,0,0,5.0
203,2025-08-29,Atlanta,Southeast,Rail,Carrier A,3.32,557.8,513.0,2,1,-1,390.06,8.4,1,0,4.63
204,2025-12-23,Seattle,West,Air,Carrier A,2.89,303.9,1515.6,1,2,1,6718.15,15.1,0,0,4.52
205,2025-06-18,Los Angeles,Northeast,Road,Carrier C,5.06,794.0,786.4,2,3,1,1080.7,10.2,0,0,4.92
206,2025-12-05,Atlanta,West,Road,Carrier C,2.86,511.4,1322.9,3,4,1,1897.68,11.2,0,0,4.6
207,2025-10-10,Seattle,Northeast,Sea,Carrier C,3.46,578.9,667.9,3,4,1,285.44,15.2,0,0,4.52
208,2025-04-24,Atlanta,Southwest,Road,Carrier A,0.96,201.8,882.4,2,2,0,1156.28,16.2,1,0,4.71
209,2025-02-19,Chicago,Southwest,Road,Carrier A,4.44,772.8,680.5,2,2,0,905.02,6.0,1,0,4.83
210,2025-01-29,Dallas,International,Sea,Carrier A,4.04,633.5,6390.4,20,20,0,1880.88,11.3,1,0,4.46
211,2025-06-26,Newark,Northeast,Air,Carrier B,5.08,896.6,874.9,1,2,1,3464.03,11.9,0,0,5.0
212,2025-03-25,Atlanta,Southwest,Road,Carrier A,6.7,829.7,843.0,2,3,1,1197.66,12.0,0,0,4.82
213,2025-09-05,Seattle,Southwest,Road,Carrier A,0.8,124.3,1085.1,3,4,1,1288.19,6.3,0,0,5.0
214,2025-09-19,Seattle,Northeast,Road,Carrier B,3.55,500.4,939.5,2,2,0,1217.44,9.5,1,0,5.0
215,2025-09-30,Atlanta,Southwest,Road,Carrier C,3.91,449.3,978.3,2,3,1,1239.49,7.1,0,0,4.57
216,2025-11-14,Dallas,Midwest,Air,Carrier B,5.16,769.7,410.5,1,2,1,1943.72,14.8,0,0,3.93
217,2025-04-01,Seattle,Southeast,Rail,Carrier B,4.61,928.0,920.8,3,2,-1,720.97,15.9,1,0,4.83
218,2025-02-27,Atlanta,Southwest,Rail,Carrier B,1.04,144.0,1340.7,4,4,0,872.64,14.8,1,0,5.0
219,2025-05-15,Los Angeles,Midwest,Road,Carrier A,5.9,809.4,335.8,2,1,-1,521.71,4.7,1,0,5.0
220,2025-10-30,Newark,Midwest,Rail,Carrier A,2.76,319.8,619.7,2,3,1,414.64,4.1,0,0,4.4
221,2025-02-24,Los Angeles,Southeast,Road,Carrier B,2.5,375.7,1028.1,2,1,-1,1375.93,15.9,1,0,5.0
222,2025-11-09,Seattle,Southeast,Road,Carrier B,1.55,216.8,937.0,3,5,2,1382.2,15.9,0,0,3.93
223,2025-09-03,Chicago,Southeast,Road,Carrier C,6.42,704.4,1116.7,2,4,2,1434.78,5.5,0,0,3.85
224,2025-06-01,Atlanta,Midwest,Road,Carrier B,9.79,1018.1,346.8,1,1,0,632.44,9.2,1,0,5.0
225,2025-07-24,Chicago,Midwest,Sea,Carrier B,3.02,565.6,777.4,3,4,1,307.11,14.6,0,0,4.81
226,2025-06-20,Chicago,Southwest,Road,Carrier D,5.02,916.1,1333.6,3,2,-1,1815.2,14.3,1,0,4.89
227,2025-12-30,Atlanta,Southeast,Road,Carrier B,2.24,183.0,975.8,2,4,2,1408.69,12.7,0,1,2.34
228,2025-05-16,Seattle,Midwest,Road,Carrier C,3.37,482.7,415.9,2,3,1,626.93,17.8,0,0,4.3
229,2025-07-25,Atlanta,Southwest,Road,Carrier B,2.71,360.3,976.6,3,3,0,1309.6,15.6,1,0,4.69
230,2025-07-26,Chicago,Midwest,Road,Carrier B,0.26,47.9,531.1,1,1,0,626.5,6.1,1,0,5.0
231,2025-08-08,Seattle,Southwest,Sea,Carrier C,8.94,1439.3,724.7,3,6,3,407.74,5.3,0,0,3.4
232,2025-01-08,Atlanta,Northeast,Air,Carrier D,4.03,636.5,986.6,1,1,0,3619.16,5.0,1,0,5.0
233,2025-03-03,Seattle,Midwest,Air,Carrier C,3.39,490.6,492.4,1,1,0,1973.47,12.8,1,0,4.94
234,2025-11-22,Newark,West,Rail,Carrier A,2.58,356.5,1857.9,5,4,-1,1393.8,15.4,1,0,5.0
235,2025-08-05,Seattle,West,Road,Carrier D,2.04,182.1,1564.7,3,4,1,2077.75,18.0,0,0,4.9
236,2025-12-31,Atlanta,Southeast,Road,Carrier B,6.8,841.9,1037.8,3,3,0,1533.58,6.5,1,1,3.75
237,2025-12-22,Atlanta,Northeast,Sea,Carrier B,0.57,95.8,1065.8,4,1,-3,354.32,13.1,1,0,5.0
238,2025-12-09,Atlanta,International,Sea,Carrier B,4.7,411.2,8810.9,26,29,3,2905.59,13.1,0,0,4.02
239,2025-10-04,Newark,Midwest,Air,Carrier C,0.87,146.7,480.0,1,1,0,1746.37,5.7,1,0,5.0
240,2025-04-03,Seattle,Northeast,Road,Carrier C,8.25,1588.1,693.8,2,3,1,1072.72,11.0,0,0,4.16
241,2025-10-20,Chicago,Southeast,Sea,Carrier B,0.5,42.4,829.7,3,6,3,226.4,4.3,0,0,3.35
242,2025-02-14,Atlanta,West,Road,Carrier C,1.76,361.6,1617.9,3,3,0,2110.61,15.7,1,0,5.0
243,2025-10-03,Newark,Northeast,Sea,Carrier C,1.58,172.8,758.8,3,1,-2,232.01,4.5,1,0,4.91
244,2025-03-25,Atlanta,International,Sea,Carrier A,0.97,80.1,6814.9,21,17,-4,1851.41,7.5,1,0,4.48
245,2025-10-09,Seattle,West,Rail,Carrier A,8.01,1177.8,1697.9,5,3,-2,1146.29,3.0,1,0,4.55
246,2025-12-09,Chicago,Midwest,Sea,Carrier B,5.91,631.0,375.5,2,4,2,270.99,13.0,0,0,4.21
247,2025-11-15,Los Angeles,International,Sea,Carrier B,0.78,115.6,5926.7,18,18,0,1945.93,15.9,1,0,5.0
248,2025-10-22,Newark,Southeast,Road,Carrier D,3.18,640.7,1289.1,3,2,-1,1572.51,5.0,1,0,5.0
249,2025-02-22,Seattle,West,Road,Carrier B,5.37,849.2,1474.7,3,2,-1,2043.57,17.1,1,0,5.0
250,2025-03-17,Chicago,Southwest,Air,Carrier A,0.55,89.9,1033.9,2,3,1,3661.94,3.8,0,0,5.0
251,2025-12-03,Seattle,Southeast,Air,Carrier A,1.52,323.2,675.1,1,2,1,2933.24,12.2,0,0,5.0
252,2025-10-13,Los Angeles,West,Road,Carrier C,1.09,180.9,1190.2,3,3,0,1385.35,3.8,1,0,5.0
253,2025-11-09,Newark,International,Sea,Carrier C,4.92,713.9,4833.9,15,17,2,1656.16,12.2,0,0,4.39
254,2025-05-19,Atlanta,Southwest,Road,Carrier B,3.53,462.9,1050.5,2,2,0,1284.58,4.3,1,0,5.0
255,2025-05-19,Chicago,Southeast,Road,Carrier A,8.95,957.2,1171.9,2,3,1,1627.18,10.6,0,0,5.0
256,2025-06-26,Atlanta,Southeast,Road,Carrier C,4.56,871.4,436.3,1,1,0,684.82,15.7,1,0,4.67
257,2025-10-31,Chicago,International,Sea,Carrier B,3.75,534.3,4356.9,13,13,0,1323.37,12.9,1,0,4.35
258,2025-12-26,Dallas,Northeast,Road,Carrier A,2.74,494.8,1021.4,3,5,2,1430.69,7.4,0,0,3.92
259,2025-05-09,Seattle,Northeast,Road,Carrier A,2.44,445.8,1044.6,3,3,0,1298.53,7.5,1,0,4.26
260,2025-10-29,Chicago,Northeast,Road,Carrier B,4.99,858.9,744.5,2,2,0,1057.59,12.9,1,0,5.0
261,2025-08-30,Dallas,Southeast,Road,Carrier C,3.22,467.1,872.4,2,2,0,1176.73,14.1,1,0,4.73
262,2025-01-30,Atlanta,Midwest,Road,Carrier A,4.57,888.8,282.0,2,1,-1,439.17,3.8,1,0,4.66
263,2025-03-17,Chicago,Midwest,Road,Carrier B,0.65,126.9,560.8,2,1,-1,686.08,8.4,1,0,4.87
264,2025-01-17,Seattle,Northeast,Road,Carrier B,2.85,380.3,1046.8,3,3,0,1333.35,9.9,1,0,5.0
265,2025-06-12,Newark,Northeast,Sea,Carrier C,3.08,422.3,698.0,3,3,0,269.41,11.4,1,0,5.0
266,2025-01-13,Newark,Northeast,Air,Carrier D,3.55,558.0,682.7,1,1,0,2695.42,12.2,1,0,5.0
267,2025-12-29,Dallas,Northeast,Road,Carrier B,7.09,959.9,1031.5,2,3,1,1495.66,3.6,0,0,4.47
268,2025-10-11,Los Angeles,Southwest,Road,Carrier A,1.99,288.3,1223.5,3,2,-1,1451.25,4.4,1,0,4.61
269,2025-07-16,Los Angeles,Midwest,Rail,Carrier C,2.46,487.5,529.3,2,3,1,376.3,6.8,0,0,4.51
270,2025-04-06,Chicago,Southeast,Air,Carrier A,4.08,524.5,878.7,1,2,1,3290.5,7.0,0,0,4.41
271,2025-01-03,Chicago,Southwest,Air,Carrier C,1.04,128.0,1110.9,1,1,0,4011.73,5.6,1,0,4.89
272,2025-01-25,Dallas,West,Road,Carrier B,8.73,983.6,1767.0,3,3,0,2463.62,16.0,1,0,4.8
273,2025-10-25,Dallas,Northeast,Road,Carrier B,2.81,229.6,728.2,2,2,0,955.63,11.8,1,0,4.98
274,2025-09-03,Dallas,Northeast,Road,Carrier B,3.98,426.7,688.1,2,1,-1,890.67,6.3,1,0,4.88
275,2025-10-19,Los Angeles,Northeast,Road,Carrier A,1.97,235.3,828.4,2,3,1,1089.75,14.4,0,0,4.75
276,2025-08-16,Seattle,Midwest,Road,Carrier A,2.43,444.5,565.9,2,1,-1,719.4,5.6,1,0,4.9
277,2025-01-30,Los Angeles,Southeast,Rail,Carrier A,1.11,106.0,615.6,2,2,0,378.88,5.1,1,0,5.0
278,2025-02-19,Dallas,Northeast,Air,Carrier B,0.1,10.4,849.2,1,1,0,3253.27,12.6,1,0,5.0
279,2025-10-15,Dallas,Midwest,Road,Carrier B,11.02,918.3,501.1,2,1,-1,796.85,4.5,1,0,4.84
280,2025-11-02,Newark,Northeast,Sea,Carrier D,1.69,194.6,609.5,3,3,0,237.38,13.1,1,0,5.0
281,2025-11-01,Dallas,Midwest,Road,Carrier A,5.01,564.3,408.1,2,2,0,642.62,3.9,1,0,5.0
282,2025-01-22,Chicago,West,Road,Carrier C,2.13,194.7,1299.8,3,1,-2,1521.54,3.4,1,0,5.0
283,2025-06-08,Chicago,International,Sea,Carrier D,8.57,768.8,2690.4,8,13,5,940.31,12.0,0,0,2.93
284,2025-02-05,Los Angeles,Southeast,Road,Carrier C,3.27,572.1,1073.7,3,3,0,1351.78,7.4,1,1,3.15
285,2025-05-29,Atlanta,Midwest,Road,Carrier C,6.6,845.1,411.0,1,1,0,619.48,4.4,1,0,5.0
286,2025-04-19,Atlanta,Southeast,Air,Carrier C,1.33,109.2,1045.5,1,2,1,4145.69,15.8,0,0,4.84
287,2025-11-22,Chicago,Southeast,Air,Carrier D,1.91,189.9,1522.3,1,1,0,6739.17,15.4,1,0,4.68
288,2025-01-16,Atlanta,West,Road,Carrier A,0.35,69.4,1335.7,3,3,0,1675.92,13.4,1,0,5.0
289,2025-12-30,Newark,Midwest,Road,Carrier C,3.28,615.3,650.8,2,3,1,984.1,10.4,0,0,4.3
290,2025-07-19,Dallas,Midwest,Road,Carrier A,5.69,1118.5,409.8,2,1,-1,651.84,10.1,1,0,4.97
291,2025-01-11,Seattle,Midwest,Road,Carrier B,8.89,1927.3,479.5,2,3,1,794.99,5.0,0,0,4.32
292,2025-02-20,Los Angeles,Midwest,Rail,Carrier D,4.71,578.8,645.3,2,2,0,505.79,11.3,1,0,5.0
293,2025-11-09,Dallas,West,Road,Carrier A,1.25,265.3,784.1,2,3,1,1100.08,9.8,0,0,4.28
294,2025-11-16,Chicago,International,Air,Carrier D,2.82,455.9,9327.5,3,3,0,38475.11,8.1,1,0,4.55
295,2025-05-12,Atlanta,Southwest,Road,Carrier A,1.54,178.5,910.3,2,2,0,1146.08,10.9,1,0,4.56
296,2025-06-05,Newark,West,Air,Carrier D,7.46,930.0,1500.8,1,1,0,5813.36,10.5,1,0,5.0
297,2025-09-25,Seattle,Southeast,Road,Carrier A,6.66,899.7,753.2,2,2,0,1063.84,9.3,1,0,5.0
298,2025-01-30,Chicago,West,Road,Carrier C,6.56,536.3,858.8,2,1,-1,1200.41,12.2,1,0,5.0
299,2025-06-21,Seattle,Northeast,Road,Carrier B,3.56,382.7,872.9,2,1,-1,1142.09,10.6,1,0,4.67
300,2025-06-21,Seattle,Midwest,Road,Carrier A,2.19,301.9,570.3,1,1,0,778.52,15.3,1,0,4.99
301,2025-07-16,Dallas,Southeast,Rail,Carrier B,0.74,74.1,1222.4,4,5,1,747.61,8.8,0,0,4.02
302,2025-12-15,Atlanta,West,Road,Carrier A,2.97,468.0,1319.0,3,4,1,1986.91,16.8,0,0,4.47
303,2025-08-14,Chicago,International,Sea,Carrier B,0.51,72.4,7367.6,22,24,2,1955.04,5.5,0,0,4.65
304,2025-05-14,Los Angeles,International,Sea,Carrier B,3.24,563.9,4816.0,15,14,-1,1398.68,9.2,1,1,2.46
305,2025-03-09,Seattle,International,Sea,Carrier D,3.13,465.9,6793.5,20,20,0,1876.58,6.1,1,0,4.79
306,2025-10-28,Dallas,Southeast,Rail,Carrier B,7.03,881.7,1230.0,4,7,3,942.42,14.1,0,0,3.73
307,2025-10-02,Dallas,West,Road,Carrier C,0.2,21.6,1537.1,4,4,0,1862.82,9.9,1,0,5.0
308,2025-05-06,Newark,International,Sea,Carrier C,2.39,508.4,4498.4,14,13,-1,1340.0,13.0,1,0,4.53
309,2025-12-18,Seattle,International,Sea,Carrier A,4.54,505.7,4340.1,13,13,0,1453.07,10.1,1,1,3.79
310,2025-12-13,Seattle,Southeast,Rail,Carrier B,0.77,109.7,913.7,3,3,0,627.39,7.8,1,0,5.0
311,2025-11-27,Chicago,Southeast,Road,Carrier A,3.27,588.7,748.9,2,3,1,1137.88,12.6,0,0,4.38
312,2025-05-06,Atlanta,Midwest,Road,Carrier B,6.83,790.5,555.3,2,2,0,864.86,14.9,1,0,4.84
313,2025-12-11,Los Angeles,Midwest,Air,Carrier A,4.03,757.8,451.4,1,2,1,1982.7,8.4,0,0,4.62
314,2025-01-04,Chicago,Southeast,Road,Carrier A,0.38,65.6,1049.0,3,3,0,1201.22,3.3,1,0,5.0
315,2025-07-08,Chicago,West,Road,Carrier A,4.17,414.7,1303.2,3,5,2,1616.96,6.6,0,0,4.2
316,2025-11-04,Dallas,Southwest,Sea,Carrier B,0.79,79.6,614.9,2,2,0,200.68,5.7,1,0,4.94
317,2025-05-02,Newark,Northeast,Road,Carrier A,1.29,145.4,1179.6,3,2,-1,1520.14,14.8,1,0,4.74
318,2025-11-20,Chicago,Southeast,Rail,Carrier A,7.48,1423.7,1178.5,4,6,2,970.46,4.2,0,0,3.96
319,2025-03-24,Dallas,Midwest,Sea,Carrier D,5.55,520.1,412.4,3,2,-1,240.04,13.0,1,0,4.94
320,2025-04-25,Seattle,Southeast,Rail,Carrier D,0.92,178.9,1168.4,4,5,1,698.67,5.0,0,0,4.43
321,2025-07-10,Seattle,Southeast,Rail,Carrier A,2.66,529.8,916.5,3,3,0,634.41,11.2,1,0,4.87
322,2025-06-14,Chicago,Southeast,Road,Carrier C,4.83,864.3,866.1,3,3,0,1122.98,5.1,1,0,4.68
323,2025-07-25,Dallas,Northeast,Sea,Carrier C,5.25,1111.7,522.9,2,1,-1,278.53,5.1,1,1,4.04
324,2025-08-29,Los Angeles,International,Sea,Carrier B,0.27,55.3,6421.5,19,16,-3,1897.59,17.7,1,0,5.0
325,2025-07-28,Los Angeles,Southwest,Air,Carrier B,2.2,428.1,1349.8,1,1,0,4959.53,6.8,1,0,4.07
326,2025-03-26,Dallas,Southwest,Road,Carrier C,0.37,74.3,1278.4,2,3,1,1517.45,7.2,0,0,5.0
327,2025-06-06,Seattle,Southwest,Rail,Carrier C,1.23,140.4,1190.4,3,4,1,724.46,6.5,0,0,5.0
328,2025-07-07,Seattle,Northeast,Road,Carrier C,0.76,108.5,957.6,3,4,1,1243.49,16.2,0,0,4.83
329,2025-07-01,Atlanta,Northeast,Road,Carrier A,6.0,714.3,683.0,2,2,0,1016.34,15.9,1,0,5.0
330,2025-11-30,Chicago,Northeast,Road,Carrier A,6.09,487.4,694.9,2,2,0,1025.11,4.0,1,0,4.7
331,2025-11-15,Chicago,Southeast,Road,Carrier B,2.8,598.7,433.0,1,1,0,661.99,7.8,1,0,4.58
332,2025-04-20,Seattle,Southwest,Road,Carrier A,2.62,371.7,1427.5,3,3,0,1880.52,15.5,1,0,4.9
333,2025-09-30,Chicago,West,Sea,Carrier B,3.02,561.4,1769.4,6,10,4,546.22,5.9,0,0,3.7
334,2025-05-20,Seattle,Southwest,Road,Carrier C,1.3,143.9,939.1,2,3,1,1227.12,15.8,0,0,5.0
335,2025-03-10,Los Angeles,Midwest,Rail,Carrier B,12.35,2315.3,446.0,2,1,-1,606.37,11.0,1,0,5.0
336,2025-11-10,Dallas,International,Rail,Carrier B,3.53,690.6,6809.2,15,14,-1,4695.99,9.4,1,0,5.0
337,2025-06-19,Atlanta,Southwest,Air,Carrier C,2.05,298.3,1272.7,2,2,0,4954.45,13.3,1,0,5.0
338,2025-07-22,Dallas,Southwest,Road,Carrier A,0.77,120.9,1053.7,2,2,0,1255.6,6.7,1,0,5.0
339,2025-11-20,Chicago,Northeast,Air,Carrier B,5.27,630.0,606.3,1,2,1,2615.24,7.5,0,0,4.84
340,2025-01-17,Chicago,West,Road,Carrier A,3.15,276.3,2337.3,4,3,-1,3055.9,16.1,1,0,5.0
341,2025-01-26,Chicago,Southwest,Road,Carrier B,4.21,662.8,891.3,2,1,-1,1226.36,13.9,1,0,4.74
342,2025-06-03,Atlanta,International,Rail,Carrier B,0.33,60.6,6840.0,15,17,2,4146.98,10.0,0,0,3.48
343,2025-05-28,Chicago,Northeast,Road,Carrier B,2.96,281.3,706.5,2,3,1,961.86,15.1,0,0,4.01
344,2025-08-06,Newark,Midwest,Air,Carrier C,10.95,958.0,517.2,1,1,0,2143.92,8.8,1,0,4.53
345,2025-05-10,Newark,West,Sea,Carrier B,4.15,511.8,1674.2,6,4,-2,535.27,5.7,1,0,5.0
346,2025-06-29,Atlanta,Southwest,Road,Carrier A,7.56,1505.5,1528.1,3,4,1,2002.27,7.1,0,0,4.16
347,2025-03-10,Los Angeles,Midwest,Air,Carrier A,0.41,71.2,578.8,1,1,0,2113.99,6.9,1,0,5.0
348,2025-05-02,Chicago,Northeast,Road,Carrier B,7.11,946.7,1203.1,3,3,0,1653.15,11.9,1,0,5.0
349,2025-11-03,Atlanta,Southwest,Air,Carrier B,3.91,420.5,485.5,1,3,2,2124.04,9.6,0,0,3.89
350,2025-05-29,Newark,Southeast,Sea,Carrier D,3.07,261.1,435.4,2,3,1,173.27,3.2,0,0,4.51
351,2025-08-30,Seattle,Midwest,Road,Carrier D,3.96,585.5,798.8,2,2,0,1024.55,5.9,1,0,5.0
352,2025-06-29,Dallas,Northeast,Air,Carrier A,1.85,215.4,784.2,1,1,0,3021.14,11.7,1,0,4.78
353,2025-04-20,Seattle,Southeast,Road,Carrier B,2.3,497.1,948.9,3,4,1,1183.75,7.3,0,0,4.92
354,2025-08-17,Seattle,Midwest,Rail,Carrier A,2.51,372.1,564.6,3,4,1,391.43,6.7,0,0,5.0
355,2025-03-31,Atlanta,Northeast,Rail,Carrier D,8.8,1560.0,845.1,2,3,1,730.11,8.2,0,0,4.47
356,2025-09-11,Newark,West,Road,Carrier B,1.41,175.3,1614.6,4,6,2,1968.48,9.0,0,0,4.09
357,2025-05-23,Newark,West,Road,Carrier A,3.27,476.2,1243.9,2,2,0,1650.15,14.5,1,0,4.86
358,2025-12-02,Los Angeles,Southeast,Road,Carrier B,3.34,557.8,324.8,1,1,0,561.66,15.2,1,0,3.84
359,2025-11-20,Los Angeles,Southeast,Air,Carrier C,5.31,712.3,1046.1,1,3,2,4836.45,17.6,0,0,4.55
360,2025-04-11,Atlanta,Southwest,Rail,Carrier C,4.53,739.0,1515.2,4,3,-1,1007.74,7.4,1,0,4.78
361,2025-04-26,Los Angeles,Southeast,Road,Carrier C,6.18,509.2,950.2,2,3,1,1242.56,6.8,0,0,3.95
362,2025-08-20,Seattle,Northeast,Road,Carrier D,4.68,940.8,813.3,2,3,1,1114.09,10.1,0,0,4.29
363,2025-11-07,Los Angeles,Southeast,Rail,Carrier A,3.55,766.8,892.2,3,6,3,700.44,7.4,0,0,3.63
364,2025-07-25,Seattle,Midwest,Air,Carrier D,2.57,207.9,599.2,1,1,0,2251.09,7.9,1,0,4.35
365,2025-05-08,Atlanta,Midwest,Road,Carrier D,7.06,611.3,458.6,1,2,1,678.15,5.8,0,0,4.57
366,2025-05-27,Newark,Midwest,Road,Carrier B,3.82,578.7,590.6,2,2,0,862.51,17.2,1,0,5.0
367,2025-08-26,Newark,Midwest,Road,Carrier D,1.11,132.5,530.5,2,1,-1,638.98,5.3,1,0,5.0
368,2025-02-24,Newark,Southeast,Road,Carrier A,2.32,331.1,1079.5,3,3,0,1412.17,14.0,1,0,5.0
369,2025-03-22,Newark,Northeast,Road,Carrier A,2.83,343.0,439.2,1,1,0,613.24,13.0,1,0,5.0
370,2025-10-06,Chicago,West,Road,Carrier A,2.86,547.3,1520.8,3,3,0,1980.19,13.6,1,0,4.67
371,2025-11-11,Seattle,Northeast,Road,Carrier C,3.55,718.4,955.2,2,3,1,1401.81,9.8,0,0,4.16
372,2025-02-07,Atlanta,Southeast,Rail,Carrier A,1.57,338.6,1258.7,3,1,-2,789.94,7.8,1,0,4.55
373,2025-06-15,Newark,West,Road,Carrier C,3.2,490.4,1725.3,4,5,1,2261.99,14.8,0,0,4.57
374,2025-06-11,Seattle,Midwest,Sea,Carrier A,8.5,1176.1,200.8,1,1,0,276.88,17.1,1,0,4.39
375,2025-09-26,Dallas,Northeast,Road,Carrier A,2.12,234.1,782.2,2,1,-1,984.31,8.9,1,0,4.55
376,2025-04-18,Chicago,West,Rail,Carrier C,7.55,668.2,1087.5,3,2,-1,767.85,3.1,1,0,5.0
377,2025-01-22,Atlanta,West,Road,Carrier B,5.73,638.9,1023.2,3,4,1,1393.79,12.1,0,0,4.79
378,2025-12-02,Los Angeles,Northeast,Road,Carrier B,1.49,268.5,670.9,2,3,1,896.09,3.4,0,0,4.76
379,2025-01-20,Chicago,Northeast,Road,Carrier B,2.15,263.4,761.6,2,1,-1,949.35,7.5,1,0,4.61
380,2025-12-15,Los Angeles,West,Road,Carrier C,4.99,1004.4,2108.0,4,5,1,2939.72,7.4,0,0,4.49
381,2025-12-24,Atlanta,Midwest,Road,Carrier C,4.08,399.8,475.2,2,3,1,761.61,12.6,0,0,4.08
382,2025-01-07,Dallas,West,Road,Carrier B,4.21,886.1,1595.6,4,1,-3,1966.92,5.6,1,0,5.0
383,2025-01-29,Newark,Southwest,Sea,Carrier A,2.05,170.0,954.6,3,1,-2,314.54,13.2,1,0,5.0
384,2025-04-13,Chicago,International,Sea,Carrier A,6.28,906.4,7613.5,22,21,-1,2234.94,9.4,1,0,5.0
385,2025-03-17,Newark,Midwest,Road,Carrier D,2.26,396.1,576.1,2,1,-1,781.54,13.7,1,0,4.7
386,2025-05-03,Chicago,Northeast,Road,Carrier C,6.35,953.7,725.1,2,2,0,988.54,5.1,1,0,4.71
387,2025-07-18,Seattle,Northeast,Sea,Carrier C,2.53,396.4,396.0,2,5,3,179.25,14.3,0,0,3.6
388,2025-02-06,Seattle,International,Sea,Carrier A,1.24,272.5,5253.6,16,16,0,1443.87,7.3,1,0,4.98
389,2025-11-01,Atlanta,West,Air,Carrier C,3.81,674.5,1571.8,1,2,1,6963.79,14.4,0,0,4.61
390,2025-06-02,Seattle,Southeast,Air,Carrier A,6.23,931.6,715.8,2,2,0,2766.65,7.5,1,0,4.81
391,2025-08-25,Seattle,Northeast,Rail,Carrier C,4.47,660.3,786.1,2,1,-1,621.91,16.8,1,0,4.73
392,2025-02-28,Chicago,Southeast,Sea,Carrier B,6.07,1260.2,755.9,4,3,-1,361.88,5.5,1,1,2.83
393,2025-02-18,Dallas,Northeast,Sea,Carrier A,0.85,150.1,741.7,3,4,1,227.96,10.8,0,0,4.93
394,2025-03-21,Dallas,Midwest,Road,Carrier B,8.87,1386.7,270.2,1,1,0,532.6,6.6,1,0,4.87
395,2025-03-07,Los Angeles,Northeast,Road,Carrier A,4.09,571.0,620.7,2,1,-1,817.53,5.8,1,1,4.28
396,2025-12-25,Dallas,Southeast,Rail,Carrier A,3.31,556.2,822.3,3,4,1,650.14,9.6,0,0,4.75
397,2025-04-10,Dallas,Southeast,Sea,Carrier B,1.28,107.3,1031.5,4,6,2,317.41,12.4,0,0,3.98
398,2025-09-27,Atlanta,Southeast,Air,Carrier A,1.86,217.8,1047.5,1,2,1,3780.18,5.0,0,0,4.61
399,2025-05-17,Dallas,Northeast,Road,Carrier A,1.84,169.6,961.8,2,2,0,1194.64,9.2,1,0,5.0
400,2025-10-27,Atlanta,West,Road,Carrier A,3.33,659.2,1653.9,3,4,1,2008.75,5.6,0,0,4.97
401,2025-10-13,Seattle,Midwest,Road,Carrier A,3.92,528.3,620.6,2,3,1,819.33,6.7,0,0,4.95
402,2025-05-26,Los Angeles,Southwest,Road,Carrier B,0.51,53.2,902.5,2,3,1,1133.51,13.0,0,0,4.25
403,2025-11-24,Atlanta,Northeast,Road,Carrier B,0.1,13.9,1029.2,3,6,3,1353.02,6.5,0,0,3.64
404,2025-01-26,Newark,Southeast,Road,Carrier A,7.88,663.0,1313.4,3,3,0,1656.79,3.8,1,0,4.9
405,2025-07-24,Chicago,Midwest,Road,Carrier B,2.18,324.8,718.6,2,1,-1,979.55,16.7,1,0,4.91
406,2025-09-19,Dallas,Midwest,Air,Carrier B,1.3,217.6,460.6,1,1,0,1684.21,5.5,1,0,5.0
407,2025-09-26,Dallas,Southwest,Road,Carrier B,5.82,554.9,691.3,2,2,0,934.13,6.7,1,0,4.58
408,2025-05-09,Atlanta,Northeast,Road,Carrier A,3.02,334.9,710.2,2,2,0,873.63,3.6,1,0,5.0
409,2025-10-26,Dallas,Northeast,Air,Carrier A,6.21,1062.7,745.3,1,1,0,3012.73,12.4,1,0,5.0
410,2025-11-17,Los Angeles,West,Road,Carrier B,6.36,700.7,1823.5,4,5,1,2811.32,17.5,0,0,4.01
411,2025-03-26,Atlanta,Northeast,Air,Carrier B,2.89,434.6,845.9,1,1,0,3179.42,8.1,1,0,4.78
412,2025-12-07,Los Angeles,Southwest,Rail,Carrier C,2.02,253.4,1084.6,3,6,3,760.68,6.2,0,0,3.85
413,2025-11-09,Atlanta,Southwest,Rail,Carrier B,1.36,147.7,1072.4,3,4,1,781.54,13.0,0,0,5.0
414,2025-11-28,Los Angeles,West,Rail,Carrier A,2.15,210.8,1317.4,4,5,1,930.8,8.3,0,0,4.28
415,2025-10-19,Chicago,Southwest,Road,Carrier C,6.06,847.7,1065.3,2,3,1,1365.16,4.6,0,0,4.92
416,2025-06-02,Los Angeles,International,Sea,Carrier D,5.21,776.5,2519.5,8,11,3,862.64,15.5,0,0,3.79
417,2025-07-08,Seattle,Midwest,Road,Carrier C,2.62,297.4,238.7,2,1,-1,348.14,9.9,1,0,4.79
418,2025-03-21,Atlanta,Midwest,Air,Carrier B,2.87,333.2,563.4,1,2,1,2095.66,6.1,0,0,4.5
419,2025-11-13,Seattle,Southeast,Rail,Carrier A,3.75,327.7,587.5,3,4,1,480.09,8.3,0,0,4.5
420,2025-11-11,Los Angeles,Northeast,Road,Carrier B,2.56,301.6,936.0,3,5,2,1259.22,3.8,0,0,3.73
421,2025-12-21,Atlanta,International,Rail,Carrier C,3.22,386.1,3133.0,7,8,1,2089.92,4.2,0,1,3.74
422,2025-09-28,Newark,Southeast,Sea,Carrier B,7.59,722.0,864.8,4,3,-1,405.27,10.7,1,0,5.0
423,2025-07-10,Newark,Midwest,Road,Carrier A,5.79,1140.7,608.8,2,1,-1,883.57,8.6,1,0,4.67
424,2025-11-30,Chicago,Northeast,Air,Carrier B,0.42,54.7,724.2,1,2,1,2989.24,8.0,0,0,4.99
425,2025-12-03,Seattle,International,Sea,Carrier C,5.86,588.1,4977.9,15,19,4,1785.97,17.1,0,0,3.64
426,2025-09-03,Chicago,International,Sea,Carrier D,5.87,1100.4,6080.3,19,14,-5,1909.32,14.8,1,0,4.93
427,2025-04-28,Los Angeles,Southwest,Road,Carrier D,1.97,312.9,925.2,2,1,-1,1159.63,9.1,1,0,5.0
428,2025-12-25,Newark,Northeast,Road,Carrier D,1.82,271.7,760.0,2,1,-1,1155.0,17.6,1,0,5.0
429,2025-12-26,Atlanta,Southeast,Air,Carrier A,1.38,190.9,1063.0,1,2,1,4751.41,16.4,0,0,4.25
430,2025-01-27,Dallas,Southeast,Road,Carrier B,4.23,410.1,1118.1,3,3,0,1546.56,17.7,1,0,5.0
431,2025-08-09,Atlanta,Southeast,Sea,Carrier A,6.74,780.3,1396.2,5,4,-1,564.5,15.4,1,0,5.0
432,2025-06-04,Chicago,Southwest,Road,Carrier B,6.2,888.4,951.1,2,2,0,1275.91,7.8,1,0,4.95
433,2025-10-08,Atlanta,Southeast,Road,Carrier C,1.67,246.7,1132.6,3,2,-1,1393.56,8.6,1,0,4.17
434,2025-12-18,Newark,West,Sea,Carrier B,6.5,697.4,1079.5,4,4,0,510.51,13.3,1,0,4.9
435,2025-05-21,Chicago,Northeast,Road,Carrier B,6.44,1300.9,554.2,2,2,0,825.24,7.0,1,0,5.0
436,2025-07-25,Chicago,Northeast,Road,Carrier A,0.91,177.1,946.6,2,2,0,1251.94,17.7,1,0,4.87
437,2025-04-03,Atlanta,Northeast,Road,Carrier A,7.97,1703.1,742.5,2,1,-1,1181.79,15.7,1,0,4.74
438,2025-05-10,Los Angeles,Southwest,Road,Carrier C,12.18,2537.0,1015.3,3,3,0,1614.76,13.2,1,0,4.5
439,2025-03-26,Los Angeles,West,Sea,Carrier D,12.71,1456.0,1650.5,6,8,2,771.45,14.1,0,0,5.0
440,2025-03-27,Seattle,Southwest,Air,Carrier B,1.09,215.9,955.8,1,1,0,3643.97,11.2,1,0,5.0
441,2025-04-24,Newark,International,Air,Carrier B,2.25,416.0,5904.1,2,2,0,21114.74,4.9,1,0,4.78
442,2025-06-25,Newark,West,Rail,Carrier C,2.3,292.1,1593.5,4,4,0,1006.94,8.8,1,0,4.8
443,2025-12-12,Newark,Southwest,Sea,Carrier D,3.2,504.1,1385.9,5,6,1,503.0,7.0,0,1,2.67
444,2025-10-03,Atlanta,Northeast,Road,Carrier D,10.26,1688.8,578.6,1,3,2,908.99,3.9,0,0,4.19
445,2025-07-31,Dallas,International,Air,Carrier D,4.81,958.4,5970.7,2,2,0,22401.38,9.7,1,0,5.0
446,2025-07-09,Dallas,West,Air,Carrier B,5.71,743.9,1695.4,1,1,0,6805.35,15.6,1,0,4.3
447,2025-08-25,Dallas,Southwest,Road,Carrier B,2.69,269.9,1239.8,3,3,0,1670.03,17.8,1,0,5.0
448,2025-11-25,Newark,Southwest,Road,Carrier B,0.87,95.2,776.5,2,3,1,1115.37,14.2,0,0,5.0
449,2025-11-09,Atlanta,Southwest,Air,Carrier B,3.57,650.5,1022.2,1,2,1,4623.1,15.9,0,0,4.34
450,2025-07-22,Seattle,Northeast,Road,Carrier A,3.82,630.5,949.3,2,2,0,1181.83,4.3,1,0,4.3
451,2025-04-25,Seattle,Northeast,Road,Carrier A,4.78,891.5,1310.2,3,3,0,1780.24,14.3,1,0,4.94
452,2025-11-05,Chicago,Southeast,Road,Carrier B,1.23,195.0,806.7,2,4,2,1057.25,3.1,0,0,3.4
453,2025-08-16,Chicago,Northeast,Air,Carrier D,0.79,160.0,642.5,2,2,0,2490.87,13.0,1,0,5.0
454,2025-04-01,Los Angeles,Northeast,Road,Carrier C,2.11,421.2,430.7,2,1,-1,562.26,6.8,1,0,4.86
455,2025-10-23,Chicago,Midwest,Sea,Carrier A,10.8,2101.1,176.4,2,1,-1,324.47,4.3,1,0,5.0
456,2025-10-20,Seattle,Southwest,Road,Carrier C,9.53,1170.3,609.8,2,3,1,998.79,14.5,0,0,4.86
457,2025-07-23,Seattle,Southwest,Air,Carrier C,2.44,374.7,736.0,1,1,0,2859.55,11.8,1,0,4.89
458,2025-07-07,Dallas,West,Rail,Carrier B,4.35,895.0,1294.9,4,5,1,857.52,4.3,0,0,4.77
459,2025-04-15,Dallas,Southeast,Road,Carrier A,2.16,346.1,716.5,2,3,1,975.31,16.4,0,0,4.29
460,2025-10-05,Newark,Northeast,Road,Carrier A,5.05,497.1,679.0,2,1,-1,943.24,11.3,1,0,5.0
461,2025-08-26,Chicago,Southeast,Rail,Carrier A,0.92,82.8,569.1,2,3,1,380.58,15.0,0,0,4.17
462,2025-01-26,Atlanta,Southeast,Air,Carrier B,2.37,278.7,1145.5,1,1,0,4358.42,10.5,1,0,4.53
463,2025-05-26,Newark,Northeast,Road,Carrier A,5.31,863.6,597.6,2,2,0,807.46,3.5,1,0,5.0
464,2025-08-02,Seattle,Northeast,Road,Carrier D,2.98,412.2,766.9,2,3,1,960.66,5.7,0,0,4.99
465,2025-12-10,Dallas,Northeast,Rail,Carrier C,3.98,810.9,995.0,3,3,0,803.62,10.8,1,0,5.0
466,2025-02-25,Newark,Midwest,Rail,Carrier B,1.99,238.1,403.5,2,3,1,284.45,7.9,0,0,4.48
467,2025-01-28,Newark,Southwest,Road,Carrier B,1.36,297.0,1249.9,2,2,0,1558.23,10.5,1,0,4.12
468,2025-11-13,Newark,West,Sea,Carrier C,6.59,807.5,1458.6,5,5,0,605.6,7.3,1,0,4.22
469,2025-04-19,Atlanta,Northeast,Road,Carrier B,7.44,1416.6,511.3,2,1,-1,778.36,4.5,1,0,5.0
470,2025-01-20,Chicago,Midwest,Road,Carrier B,4.8,921.3,518.4,2,3,1,732.98,6.5,0,0,4.93
471,2025-02-01,Dallas,Northeast,Sea,Carrier A,6.14,1294.7,733.5,3,1,-2,384.75,13.1,1,0,4.9
472,2025-10-04,Dallas,Northeast,Road,Carrier A,0.25,22.6,533.9,1,2,1,634.19,7.1,0,0,4.01
473,2025-05-08,Dallas,Southeast,Rail,Carrier C,1.77,219.4,741.6,2,1,-1,487.23,9.4,1,0,4.72
474,2025-07-01,Dallas,West,Road,Carrier A,1.69,316.7,1605.4,3,3,0,2116.11,17.1,1,0,4.21
475,2025-02-07,Newark,Southeast,Road,Carrier B,2.79,373.5,1108.3,3,2,-1,1356.54,6.0,1,0,4.83
476,2025-08-11,Atlanta,Southeast,Road,Carrier A,3.92,541.3,994.2,3,2,-1,1266.67,7.4,1,0,4.75
477,2025-05-16,Newark,International,Air,Carrier B,0.77,66.2,6479.9,3,4,1,24824.64,12.6,0,0,5.0
478,2025-11-29,Newark,Northeast,Road,Carrier B,1.81,336.7,818.5,2,4,2,1090.41,3.1,0,0,5.0
479,2025-02-02,Chicago,West,Road,Carrier C,2.56,372.1,1511.7,4,3,-1,1847.11,7.4,1,0,5.0
480,2025-02-18,Atlanta,Southeast,Sea,Carrier D,6.09,1257.0,851.1,4,2,-2,382.01,4.1,1,0,4.92
481,2025-09-06,Seattle,Southeast,Road,Carrier B,2.24,339.1,697.7,2,1,-1,900.7,10.1,1,0,4.54
482,2025-03-02,Chicago,West,Road,Carrier D,6.43,657.7,1203.9,3,2,-1,1651.27,13.6,1,0,4.09
483,2025-11-17,Atlanta,Southwest,Road,Carrier B,8.25,1626.2,769.4,2,2,0,1215.26,3.2,1,0,5.0
484,2025-05-10,Atlanta,West,Road,Carrier A,1.57,305.9,1852.2,4,4,0,2292.29,10.4,1,0,5.0
485,2025-04-20,Newark,Southeast,Road,Carrier C,0.58,83.2,1045.6,3,3,0,1292.25,11.1,1,0,4.33
486,2025-09-25,Los Angeles,Southeast,Air,Carrier A,4.74,392.9,861.2,1,2,1,3347.76,10.9,0,0,4.59
487,2025-10-06,Chicago,Midwest,Road,Carrier C,2.45,519.8,549.8,2,3,1,700.89,5.0,0,0,4.88
488,2025-12-05,Dallas,Southeast,Sea,Carrier B,3.06,419.0,860.7,3,6,3,338.59,7.2,0,1,3.3
489,2025-03-14,Newark,West,Road,Carrier A,1.02,175.2,1013.5,2,1,-1,1256.2,10.3,1,0,4.61
490,2025-01-10,Los Angeles,Southeast,Air,Carrier D,2.2,456.4,614.0,1,1,0,2392.25,11.6,1,0,4.83
491,2025-11-13,Newark,West,Air,Carrier A,2.81,583.2,947.0,1,3,2,3800.31,3.1,0,0,4.27
492,2025-12-31,Chicago,International,Rail,Carrier C,11.05,955.6,5426.4,12,14,2,3961.46,10.6,0,0,4.31
493,2025-10-15,Newark,Southwest,Road,Carrier A,6.9,860.2,1081.6,3,4,1,1391.13,4.1,0,0,4.24
494,2025-05-05,Atlanta,Southwest,Road,Carrier D,2.36,349.0,579.6,2,3,1,721.51,4.5,0,0,4.33
495,2025-06-05,Seattle,West,Road,Carrier B,0.75,140.4,1229.3,2,2,0,1489.72,8.7,1,0,5.0
496,2025-10-09,Atlanta,Northeast,Rail,Carrier C,3.29,366.4,830.0,3,4,1,589.65,12.5,0,0,4.24
497,2025-04-12,Seattle,International,Sea,Carrier B,2.23,473.6,8309.6,25,26,1,2232.77,4.6,0,0,4.8
498,2025-09-30,Newark,Northeast,Road,Carrier D,4.69,748.6,1106.5,2,2,0,1475.88,11.4,1,0,4.69
499,2025-07-06,Newark,Midwest,Air,Carrier D,1.54,318.0,619.9,1,2,1,2382.73,11.0,0,0,4.65
500,2025-07-26,Dallas,Northeast,Road,Carrier B,0.85,184.7,730.9,3,4,1,965.51,16.9,0,0,5.0
501,2025-07-17,Los Angeles,Southeast,Rail,Carrier A,2.84,583.0,776.7,2,1,-1,522.85,4.8,1,0,4.68
502,2025-09-14,Chicago,Southwest,Air,Carrier A,3.86,580.7,1472.4,1,1,0,5464.88,7.3,1,0,5.0
503,2025-03-30,Chicago,Midwest,Road,Carrier D,2.9,490.9,594.4,1,1,0,790.36,9.5,1,0,5.0
504,2025-06-27,Los Angeles,International,Sea,Carrier A,1.83,156.7,4985.5,15,15,0,1404.75,9.6,1,0,5.0
505,2025-03-30,Newark,Southwest,Road,Carrier A,4.93,790.3,594.2,2,1,-1,889.0,15.9,1,0,4.13
506,2025-03-21,Newark,Southeast,Air,Carrier B,2.69,399.5,961.5,1,1,0,3562.65,7.0,1,0,5.0
507,2025-04-25,Atlanta,Southeast,Road,Carrier B,0.92,201.5,841.1,3,3,0,1006.13,6.0,1,0,4.84
508,2025-12-22,Atlanta,West,Road,Carrier B,14.68,3027.0,2036.6,4,5,1,3290.99,12.5,0,0,4.22
509,2025-07-14,Seattle,Southeast,Air,Carrier A,2.42,427.4,958.5,1,1,0,3737.82,12.7,1,0,4.33
510,2025-05-06,Seattle,Midwest,Road,Carrier A,5.34,943.4,362.1,2,1,-1,558.68,6.3,1,0,4.52
511,2025-11-10,Chicago,Midwest,Road,Carrier B,1.9,297.0,590.1,2,2,0,879.57,13.4,1,0,5.0
512,2025-04-26,Atlanta,Midwest,Road,Carrier C,4.93,692.4,378.1,2,2,0,607.83,15.9,1,1,3.99
513,2025-04-10,Los Angeles,International,Rail,Carrier B,4.19,433.6,6859.5,15,15,0,4239.11,9.9,1,0,4.96
514,2025-09-24,Chicago,Northeast,Road,Carrier D,3.48,690.6,784.7,2,3,1,1097.1,15.5,0,0,4.67
515,2025-06-10,Los Angeles,Southeast,Road,Carrier A,4.95,493.3,1281.5,3,3,0,1571.93,4.2,1,0,4.98
516,2025-08-13,Dallas,Midwest,Sea,Carrier B,3.22,409.8,485.1,2,4,2,211.22,11.1,0,0,3.76
517,2025-05-01,Los Angeles,West,Road,Carrier C,2.3,244.0,1578.7,3,4,1,2041.89,14.5,0,0,4.6
518,2025-10-14,Newark,Midwest,Rail,Carrier C,1.3,279.3,648.1,3,4,1,417.66,7.1,0,0,4.95
519,2025-07-18,Los Angeles,Northeast,Road,Carrier B,5.38,695.3,898.6,2,1,-1,1147.01,3.9,1,0,4.83
520,2025-08-21,Dallas,International,Sea,Carrier A,4.64,743.2,6213.5,19,19,0,1773.02,6.8,1,0,5.0
521,2025-06-22,Newark,Midwest,Rail,Carrier C,3.82,573.6,403.8,2,3,1,324.14,5.2,0,0,3.74
522,2025-07-11,Seattle,Southeast,Sea,Carrier B,5.16,933.4,1210.3,5,5,0,463.81,8.7,1,0,5.0
523,2025-05-05,Atlanta,Southwest,Road,Carrier D,6.64,1213.7,881.2,2,2,0,1216.55,7.7,1,0,4.77
524,2025-08-19,Seattle,West,Air,Carrier A,2.92,254.6,1202.8,2,2,0,4722.34,13.9,1,0,5.0
525,2025-08-02,Dallas,Southeast,Road,Carrier B,1.29,197.8,942.6,3,3,0,1240.82,16.4,1,0,4.58
526,2025-02-10,Dallas,Southeast,Road,Carrier C,3.8,668.6,706.4,2,3,1,998.39,15.1,0,0,4.72
527,2025-04-05,Los Angeles,Northeast,Rail,Carrier C,5.37,934.6,702.4,2,3,1,560.87,9.2,0,0,4.81
528,2025-10-15,Los Angeles,Southeast,Sea,Carrier D,3.05,368.6,1068.6,4,8,4,378.07,14.1,0,0,4.24
529,2025-12-04,Atlanta,Northeast,Air,Carrier C,4.23,860.2,1121.3,1,2,1,5078.09,15.7,0,0,4.17
530,2025-03-25,Los Angeles,International,Rail,Carrier B,2.68,422.4,5333.4,12,14,2,3099.49,3.5,0,0,4.25
531,2025-11-12,Seattle,Midwest,Road,Carrier D,2.91,611.4,533.0,1,2,1,777.51,5.1,0,0,4.7
532,2025-03-16,Chicago,International,Sea,Carrier B,3.56,616.6,7059.3,21,18,-3,2107.97,14.0,1,0,5.0
533,2025-10-15,Dallas,Midwest,Road,Carrier C,0.92,161.5,630.1,2,1,-1,816.46,14.2,1,0,4.82
534,2025-01-18,Seattle,Midwest,Road,Carrier A,3.29,715.9,585.6,2,2,0,821.98,12.7,1,0,5.0
535,2025-01-29,Seattle,Southeast,Road,Carrier A,3.05,438.6,906.4,2,2,0,1150.98,8.1,1,0,5.0
536,2025-09-10,Los Angeles,Midwest,Road,Carrier A,1.38,110.5,736.5,2,2,0,894.94,7.0,1,0,4.75
537,2025-01-24,Los Angeles,International,Sea,Carrier A,1.87,216.6,6474.1,19,19,0,1763.44,6.4,1,0,4.63
538,2025-12-19,Los Angeles,Northeast,Air,Carrier D,3.86,770.9,1156.9,2,3,1,4915.17,8.9,0,0,4.08
539,2025-03-25,Dallas,West,Road,Carrier B,4.67,921.1,1011.4,2,1,-1,1399.41,13.9,1,0,4.8
540,2025-04-21,Los Angeles,Southwest,Rail,Carrier B,1.13,137.1,1270.7,4,1,-3,769.69,6.5,1,0,4.37
541,2025-04-17,Dallas,Southeast,Road,Carrier B,0.86,121.0,520.1,2,3,1,677.37,14.6,0,0,3.96
542,2025-10-23,Atlanta,Southwest,Rail,Carrier A,2.27,314.2,632.8,3,3,0,443.57,11.5,1,0,4.64
543,2025-07-26,Atlanta,International,Sea,Carrier B,5.26,941.6,5175.0,16,12,-4,1548.9,9.1,1,0,4.29
544,2025-12-05,Los Angeles,Midwest,Road,Carrier A,1.81,349.6,612.0,2,3,1,910.17,13.2,0,0,5.0
545,2025-07-20,Los Angeles,Midwest,Road,Carrier B,1.29,110.2,480.7,2,3,1,579.17,4.6,0,0,4.03
546,2025-06-17,Chicago,Northeast,Air,Carrier A,2.69,590.5,603.3,2,2,0,2390.61,12.7,1,0,4.76
547,2025-08-24,Los Angeles,Southwest,Air,Carrier D,1.74,357.8,1037.8,1,1,0,3761.78,5.3,1,0,5.0
548,2025-07-18,Newark,Southeast,Road,Carrier B,3.2,270.8,809.3,2,1,-1,1109.72,16.6,1,0,5.0
549,2025-02-18,Chicago,Southeast,Road,Carrier A,6.84,974.9,1004.3,2,1,-1,1452.02,15.6,1,0,4.92
550,2025-09-21,Los Angeles,Northeast,Air,Carrier D,0.8,143.3,1028.0,1,1,0,3781.57,7.6,1,0,4.74
551,2025-10-03,Los Angeles,Northeast,Air,Carrier A,5.68,868.9,771.7,1,1,0,2958.87,7.5,1,0,5.0
552,2025-08-22,Dallas,Southeast,Road,Carrier B,8.65,705.2,684.2,2,2,0,1058.11,15.3,1,0,4.38
553,2025-09-06,Los Angeles,West,Rail,Carrier C,5.3,463.2,1896.6,5,4,-1,1341.74,17.1,1,0,5.0
554,2025-08-17,Atlanta,Midwest,Air,Carrier B,3.86,661.7,444.0,1,1,0,1735.24,8.4,1,0,4.45
555,2025-10-22,Newark,Southeast,Sea,Carrier A,0.3,47.8,1157.6,4,3,-1,323.52,9.2,1,0,5.0
556,2025-07-05,Dallas,Southwest,Road,Carrier D,2.69,492.6,1126.6,3,3,0,1430.69,9.7,1,0,5.0
557,2025-12-02,Newark,Southeast,Road,Carrier A,1.13,234.0,839.8,2,3,1,1218.12,14.2,0,0,4.9
558,2025-11-28,Seattle,Southeast,Sea,Carrier D,2.82,472.9,763.4,3,5,2,301.68,4.9,0,0,4.19
559,2025-11-20,Atlanta,Southwest,Road,Carrier C,4.11,894.5,905.0,2,2,0,1319.16,6.9,1,0,4.88
560,2025-04-10,Atlanta,Midwest,Air,Carrier B,2.72,335.9,682.9,1,1,0,2762.51,16.1,1,0,5.0
561,2025-03-02,Atlanta,Northeast,Air,Carrier C,1.68,219.9,731.0,1,1,0,2935.18,16.4,1,0,5.0
562,2025-06-28,Newark,Midwest,Rail,Carrier A,9.5,1413.2,591.8,2,4,2,570.94,6.0,0,0,4.69
563,2025-04-29,Newark,International,Sea,Carrier A,5.01,557.5,5397.0,16,16,0,1540.82,6.1,1,0,5.0
564,2025-01-10,Newark,Northeast,Air,Carrier A,0.97,156.1,665.0,1,2,1,2351.63,3.0,0,0,4.87
565,2025-06-14,Los Angeles,Southeast,Rail,Carrier B,4.81,931.4,889.2,3,2,-1,635.79,4.6,1,0,5.0
566,2025-08-27,Newark,Southwest,Sea,Carrier C,1.7,175.7,875.3,4,5,1,273.06,7.9,0,0,3.82
567,2025-12-18,Los Angeles,Southwest,Rail,Carrier B,1.53,127.3,1118.1,3,6,3,766.29,6.2,0,0,3.32
568,2025-10-18,Newark,West,Rail,Carrier C,1.56,147.0,1172.2,3,2,-1,717.28,6.2,1,0,4.67
569,2025-02-28,Dallas,International,Sea,Carrier A,8.09,1571.9,8470.3,25,25,0,2433.47,5.0,1,0,5.0
570,2025-12-22,Dallas,Midwest,Road,Carrier B,0.5,71.0,611.9,1,2,1,900.41,17.5,0,0,4.28
571,2025-04-02,Los Angeles,Midwest,Rail,Carrier C,3.32,275.1,507.2,2,1,-1,359.34,4.9,1,0,5.0
572,2025-05-30,Seattle,International,Rail,Carrier C,3.03,606.8,6073.4,14,14,0,3559.58,4.2,1,0,5.0
573,2025-03-04,Atlanta,Northeast,Road,Carrier A,3.94,686.5,1158.8,3,4,1,1432.47,4.7,0,0,4.65
574,2025-03-10,Seattle,Northeast,Air,Carrier B,1.92,317.6,636.6,1,1,0,2308.5,4.5,1,0,5.0
575,2025-09-29,Atlanta,West,Road,Carrier C,6.03,879.6,1238.1,3,4,1,1687.86,12.8,0,0,4.96
576,2025-12-03,Seattle,Midwest,Road,Carrier B,8.4,1222.6,612.7,2,3,1,1016.49,5.4,0,0,3.88
577,2025-03-18,Los Angeles,Midwest,Road,Carrier C,4.91,592.6,736.2,2,1,-1,977.82,7.1,1,0,5.0
578,2025-11-21,Los Angeles,Southeast,Rail,Carrier C,2.07,288.5,1134.6,3,4,1,811.32,8.2,0,0,4.56
579,2025-02-04,Atlanta,Northeast,Road,Carrier C,4.06,649.7,1102.9,2,2,0,1369.32,4.8,1,0,4.7
580,2025-06-09,Chicago,Northeast,Air,Carrier A,0.5,53.3,795.8,1,1,0,2827.3,4.1,1,0,5.0
581,2025-02-14,Chicago,Midwest,Road,Carrier B,1.51,310.6,365.9,2,2,0,514.24,16.7,1,0,5.0
582,2025-11-10,Atlanta,West,Road,Carrier C,5.21,882.7,1782.0,4,5,1,2616.92,12.2,0,0,4.35
583,2025-11-07,Chicago,Northeast,Road,Carrier A,4.26,652.7,852.2,2,3,1,1278.45,10.4,0,0,4.16
584,2025-01-24,Newark,Southwest,Rail,Carrier A,3.19,617.7,606.6,2,3,1,436.32,5.8,0,0,4.58
585,2025-03-09,Los Angeles,Northeast,Road,Carrier D,6.2,1073.4,1226.0,3,3,0,1620.82,8.4,1,0,5.0
586,2025-12-03,Los Angeles,West,Road,Carrier D,0.11,14.1,1224.9,2,4,2,1706.7,12.9,0,0,4.18
587,2025-01-08,Chicago,Midwest,Road,Carrier B,0.53,53.7,319.6,1,2,1,417.62,15.3,0,0,5.0
588,2025-03-29,Atlanta,Midwest,Road,Carrier C,3.98,858.9,554.7,2,1,-1,752.09,5.5,1,0,4.93
589,2025-01-15,Dallas,Midwest,Rail,Carrier C,3.84,598.5,601.5,3,3,0,448.02,7.1,1,0,5.0
590,2025-09-12,Dallas,Southeast,Sea,Carrier A,0.9,99.7,1167.2,4,2,-2,320.6,3.3,1,0,4.87
591,2025-11-07,Dallas,West,Road,Carrier C,2.57,400.6,1686.9,3,4,1,2418.27,12.8,0,0,3.74
592,2025-10-09,Seattle,Northeast,Road,Carrier B,5.34,1084.1,580.6,2,2,0,906.8,17.3,1,0,4.85
593,2025-01-27,Los Angeles,Northeast,Road,Carrier D,0.84,69.9,802.1,2,3,1,964.07,7.3,0,0,4.43
594,2025-04-21,Dallas,Southeast,Road,Carrier B,1.8,259.0,1100.3,3,4,1,1367.74,9.4,0,0,4.75
595,2025-01-13,Chicago,Midwest,Road,Carrier B,2.01,216.1,532.4,2,2,0,680.45,8.6,1,0,4.43
596,2025-05-24,Dallas,West,Road,Carrier B,1.91,301.6,1399.2,3,3,0,1823.33,15.2,1,0,4.71
597,2025-09-23,Newark,Midwest,Road,Carrier A,2.98,405.0,823.3,3,3,0,1099.63,13.3,1,0,5.0
598,2025-01-22,Seattle,Southeast,Air,Carrier B,0.19,31.6,647.7,1,2,1,2573.02,16.6,0,0,4.9
599,2025-03-27,Seattle,Northeast,Air,Carrier B,4.39,871.1,960.4,1,2,1,3843.95,13.9,0,0,5.0
600,2025-06-21,Newark,Southwest,Air,Carrier A,9.69,1868.3,778.4,1,1,0,3023.82,4.8,1,0,4.59
601,2025-04-21,Newark,Northeast,Road,Carrier A,4.67,981.8,1072.6,3,2,-1,1489.94,14.7,1,0,5.0
602,2025-02-23,Dallas,Northeast,Road,Carrier C,1.9,366.6,1114.0,2,2,0,1324.4,4.1,1,0,4.4
603,2025-03-26,Seattle,Midwest,Sea,Carrier C,2.97,531.3,430.7,2,1,-1,204.96,14.6,1,0,4.77
604,2025-08-10,Newark,Southeast,Road,Carrier B,2.92,309.7,825.2,2,2,0,1069.57,10.6,1,0,4.97
605,2025-09-13,Newark,Southeast,Road,Carrier B,2.87,426.9,623.6,2,2,0,857.56,14.3,1,0,4.54
606,2025-01-14,Los Angeles,Midwest,Road,Carrier C,3.48,581.1,403.2,1,1,0,565.18,7.7,1,0,4.9
607,2025-01-24,Seattle,Southeast,Sea,Carrier C,1.15,178.6,845.5,4,2,-2,268.01,12.8,1,1,3.55
608,2025-10-01,Los Angeles,Northeast,Road,Carrier B,3.57,724.0,1023.3,2,2,0,1372.25,12.9,1,0,5.0
609,2025-05-29,Dallas,International,Sea,Carrier A,10.22,1124.2,5719.4,17,22,5,1813.16,10.6,0,0,3.47
610,2025-08-20,Seattle,Southwest,Road,Carrier C,0.37,47.3,1390.1,3,3,0,1584.57,3.1,1,0,4.67
611,2025-02-28,Atlanta,Northeast,Road,Carrier B,0.8,68.0,882.1,2,3,1,1122.79,13.9,0,0,4.98
612,2025-09-17,Newark,Southeast,Road,Carrier C,0.6,52.4,1076.7,3,1,-2,1260.55,5.4,1,0,5.0
613,2025-03-25,Dallas,Southwest,Air,Carrier B,5.52,608.2,1217.6,1,1,0,4686.9,10.2,1,0,4.91
614,2025-05-27,Newark,Midwest,Road,Carrier B,2.29,373.9,656.6,2,2,0,813.29,4.9,1,0,4.45
615,2025-08-14,Seattle,Southwest,Air,Carrier B,0.63,84.7,867.0,2,2,0,3462.09,16.9,1,0,5.0
616,2025-12-17,Los Angeles,Southeast,Air,Carrier A,0.39,66.6,1002.6,2,3,1,4291.53,12.1,0,0,4.66
617,2025-07-20,Atlanta,Northeast,Air,Carrier C,8.17,730.2,454.8,1,1,0,1908.35,11.9,1,0,4.95
618,2025-04-10,Newark,Southwest,Air,Carrier A,5.04,794.1,802.9,1,2,1,3226.63,13.4,0,0,4.0
619,2025-06-28,Los Angeles,Midwest,Air,Carrier A,5.99,513.7,566.9,1,1,0,2314.6,13.3,1,0,5.0
620,2025-01-20,Chicago,Midwest,Air,Carrier A,1.65,190.5,811.1,1,1,0,2920.39,4.6,1,0,5.0
621,2025-02-20,Atlanta,West,Road,Carrier A,0.18,16.9,1295.8,3,3,0,1563.15,9.4,1,0,4.64
622,2025-09-22,Los Angeles,Midwest,Air,Carrier A,4.24,425.6,674.5,1,1,0,2796.79,17.6,1,0,4.81
623,2025-01-26,Los Angeles,Midwest,Sea,Carrier B,3.47,430.9,494.4,2,5,3,231.36,17.3,0,0,3.51
624,2025-03-28,Atlanta,International,Rail,Carrier C,3.24,374.3,4958.7,11,8,-3,2892.45,3.5,1,0,5.0
625,2025-06-14,Atlanta,Midwest,Road,Carrier C,4.89,531.7,559.5,2,3,1,786.97,10.0,0,0,4.29
626,2025-04-28,Los Angeles,West,Road,Carrier B,5.89,842.5,1806.6,4,4,0,2439.5,15.2,1,0,5.0
627,2025-12-17,Atlanta,Northeast,Road,Carrier B,2.38,424.3,1110.5,3,1,-2,1526.34,6.6,1,0,5.0
628,2025-10-27,Atlanta,Southwest,Air,Carrier A,0.83,177.0,1505.4,2,1,-1,5848.83,13.8,1,0,5.0
629,2025-07-28,Chicago,Midwest,Air,Carrier C,4.41,646.0,520.9,1,1,0,2026.59,8.4,1,0,5.0
630,2025-01-21,Seattle,Southeast,Road,Carrier B,6.38,954.0,1089.3,2,1,-1,1481.08,10.4,1,0,5.0
631,2025-10-20,Dallas,International,Air,Carrier C,4.04,806.2,7618.1,3,3,0,27848.54,7.1,1,0,5.0
632,2025-01-28,Seattle,Northeast,Road,Carrier A,4.93,398.8,711.3,2,1,-1,956.12,9.1,1,0,5.0
633,2025-11-14,Atlanta,Southeast,Road,Carrier D,2.74,542.5,1133.4,3,5,2,1562.63,6.1,0,0,3.72
634,2025-06-23,Chicago,Southeast,Rail,Carrier A,3.08,316.4,929.2,3,4,1,669.96,16.9,0,0,4.73
635,2025-12-21,Atlanta,Northeast,Road,Carrier B,5.52,1136.7,487.5,2,5,3,825.08,9.0,0,0,4.37
636,2025-12-28,Atlanta,Northeast,Sea,Carrier B,1.54,144.4,659.2,3,7,4,247.52,13.3,0,0,3.84
637,2025-08-02,Newark,Midwest,Sea,Carrier B,0.79,68.0,634.1,3,2,-1,185.44,6.7,1,0,4.71
638,2025-07-31,Seattle,Northeast,Rail,Carrier A,4.19,706.7,1024.3,3,1,-2,686.03,3.7,1,0,4.71
639,2025-01-14,Dallas,Southeast,Road,Carrier C,7.86,947.9,798.6,2,1,-1,1079.26,3.4,1,0,5.0
640,2025-08-28,Seattle,Northeast,Rail,Carrier C,6.66,738.8,776.5,3,4,1,626.98,11.2,0,0,4.85
641,2025-03-10,Los Angeles,Northeast,Road,Carrier A,1.48,155.2,818.0,2,1,-1,1026.34,10.4,1,0,4.4
642,2025-10-20,Seattle,Southwest,Air,Carrier D,2.62,556.8,832.5,1,2,1,3091.76,6.7,0,0,4.72
643,2025-08-07,Seattle,International,Rail,Carrier A,6.2,1160.2,5999.0,13,12,-1,3923.11,13.7,1,0,5.0
644,2025-04-27,Seattle,Southeast,Road,Carrier C,6.76,596.2,624.7,2,2,0,935.44,14.3,1,0,5.0
645,2025-08-06,Chicago,Southeast,Air,Carrier B,0.95,100.6,989.0,1,1,0,3760.42,11.2,1,0,5.0
646,2025-02-22,Dallas,Midwest,Rail,Carrier A,2.75,377.9,566.6,3,3,0,399.68,7.5,1,1,3.77
647,2025-11-17,Dallas,Northeast,Rail,Carrier C,0.95,153.7,457.0,2,5,3,319.59,4.4,0,0,4.19
648,2025-01-04,Atlanta,Southwest,Road,Carrier B,1.41,158.1,804.6,2,2,0,968.93,6.0,1,0,5.0
649,2025-02-18,Dallas,Southeast,Sea,Carrier B,1.94,157.3,692.0,3,4,1,235.56,12.2,0,0,4.33
650,2025-07-29,Newark,Northeast,Air,Carrier A,1.15,129.5,818.1,1,1,0,3189.84,13.7,1,0,4.9
651,2025-10-06,Seattle,Midwest,Road,Carrier D,1.27,181.0,452.5,2,3,1,553.18,5.2,0,0,4.43
652,2025-01-31,Los Angeles,Southeast,Sea,Carrier A,1.76,253.0,1039.8,4,9,5,339.89,13.7,0,0,3.32
653,2025-01-16,Seattle,Southwest,Road,Carrier A,5.45,738.7,871.2,2,1,-1,1169.69,8.6,1,0,4.63
654,2025-11-25,Los Angeles,West,Road,Carrier A,11.97,2148.8,1564.5,3,4,1,2597.57,15.5,0,0,4.05
655,2025-04-17,Seattle,Northeast,Road,Carrier C,5.11,741.0,878.8,2,2,0,1211.22,12.1,1,0,5.0
656,2025-03-18,Dallas,Southwest,Air,Carrier A,9.34,1264.7,695.2,1,1,0,2880.16,12.2,1,0,4.78
657,2025-12-14,Los Angeles,West,Road,Carrier D,2.59,358.7,1477.0,3,5,2,2118.69,12.5,0,0,4.24
658,2025-06-13,Newark,Midwest,Road,Carrier A,4.65,988.5,445.0,2,2,0,685.36,12.6,1,0,5.0
659,2025-12-07,Dallas,West,Road,Carrier C,0.22,36.0,1416.3,3,5,2,1932.55,10.4,0,0,3.85
660,2025-09-15,Chicago,Northeast,Road,Carrier A,5.87,651.8,757.3,2,3,1,1060.54,11.2,0,0,4.39
661,2025-03-09,Seattle,West,Air,Carrier B,5.07,513.9,1571.0,2,2,0,5660.85,4.0,1,0,5.0
662,2025-04-28,Dallas,Midwest,Road,Carrier C,3.08,420.6,512.8,2,2,0,742.47,17.6,1,0,4.58
663,2025-10-09,Chicago,International,Sea,Carrier A,5.4,858.1,7533.7,23,23,0,2196.08,9.4,1,0,5.0
664,2025-03-07,Atlanta,International,Sea,Carrier C,3.45,658.4,7299.3,22,24,2,2157.73,13.0,0,0,3.7
665,2025-02-04,Chicago,International,Sea,Carrier B,4.68,831.6,6043.6,19,19,0,1762.16,8.6,1,0,4.73
666,2025-02-05,Atlanta,Southeast,Air,Carrier A,2.72,367.5,556.6,1,1,0,2160.4,10.7,1,0,4.62
667,2025-08-16,Dallas,International,Sea,Carrier B,3.24,401.1,8797.7,26,21,-5,2524.36,11.3,1,0,4.6
668,2025-03-31,Chicago,Northeast,Air,Carrier A,1.63,250.0,588.2,1,1,0,2220.15,9.0,1,0,5.0
669,2025-05-22,Seattle,International,Sea,Carrier D,1.04,177.8,3859.0,12,12,0,1040.71,5.2,1,0,5.0
670,2025-10-27,Seattle,Northeast,Road,Carrier C,1.63,257.4,670.0,2,2,0,813.06,5.0,1,0,5.0
671,2025-08-17,Seattle,Midwest,Air,Carrier B,0.79,110.6,438.7,1,2,1,1672.13,10.8,0,0,4.1
672,2025-11-30,Los Angeles,International,Rail,Carrier B,6.57,1432.0,7977.3,17,17,0,5318.99,4.2,1,0,5.0
673,2025-02-28,Chicago,International,Sea,Carrier D,4.55,992.3,6259.5,19,16,-3,1926.77,14.5,1,0,4.88
674,2025-05-27,Dallas,Midwest,Sea,Carrier B,0.65,115.4,345.5,2,5,3,113.22,11.1,0,0,3.64
675,2025-05-17,Newark,Midwest,Road,Carrier A,4.38,604.4,500.2,2,1,-1,678.43,5.0,1,0,5.0
676,2025-07-15,Chicago,West,Rail,Carrier B,3.8,744.3,1407.7,4,5,1,954.38,9.9,0,0,5.0
677,2025-08-16,Los Angeles,West,Air,Carrier A,2.93,454.6,1913.7,2,2,0,7651.46,16.4,1,0,5.0
678,2025-04-16,Seattle,Northeast,Road,Carrier D,1.34,268.6,964.2,3,4,1,1145.58,4.7,0,0,4.19
679,2025-03-22,Chicago,Southeast,Air,Carrier B,3.14,503.7,943.5,2,2,0,3654.2,11.4,1,0,4.99
680,2025-12-23,Chicago,Midwest,Sea,Carrier C,2.32,241.9,332.4,2,1,-1,154.43,6.1,1,0,5.0
681,2025-08-03,Chicago,Southeast,Rail,Carrier C,3.73,800.9,1181.8,3,2,-1,799.61,7.2,1,0,5.0
682,2025-02-17,Los Angeles,Northeast,Sea,Carrier C,4.81,770.9,956.4,3,4,1,381.97,9.2,0,0,4.85
683,2025-03-17,Los Angeles,International,Sea,Carrier D,5.06,666.9,6351.8,19,20,1,1868.59,10.1,0,0,4.39
684,2025-03-19,Seattle,International,Sea,Carrier D,0.42,63.6,6620.2,20,21,1,1875.84,12.7,0,0,4.01
685,2025-02-17,Newark,West,Road,Carrier A,1.25,252.5,1376.1,3,2,-1,1668.64,8.0,1,0,4.66
686,2025-10-11,Dallas,Midwest,Road,Carrier C,1.74,224.4,323.0,2,3,1,418.11,6.5,0,0,5.0
687,2025-05-14,Dallas,Midwest,Road,Carrier B,3.83,378.9,425.9,1,1,0,576.47,5.8,1,0,4.72
688,2025-09-02,Seattle,International,Air,Carrier B,5.57,1123.6,3581.5,2,1,-1,12747.99,3.5,1,0,4.59
689,2025-05-01,Atlanta,Southeast,Road,Carrier C,2.01,254.1,598.5,2,2,0,813.31,16.0,1,0,5.0
690,2025-12-03,Atlanta,West,Rail,Carrier D,3.4,510.9,1506.8,4,5,1,1071.6,5.7,0,1,2.92
691,2025-01-08,Newark,Northeast,Rail,Carrier A,6.63,1444.0,1062.1,4,4,0,817.75,8.2,1,0,5.0
692,2025-04-07,Newark,Midwest,Road,Carrier D,1.98,369.9,452.0,2,2,0,635.85,16.6,1,0,5.0
693,2025-06-01,Newark,Midwest,Road,Carrier C,3.72,317.3,253.5,1,1,0,395.37,12.8,1,0,4.83
694,2025-09-26,Newark,Midwest,Sea,Carrier D,6.56,1427.5,563.6,2,1,-1,322.79,3.9,1,0,4.44
695,2025-08-22,Chicago,Southeast,Air,Carrier C,2.89,256.7,838.0,1,1,0,3143.64,8.2,1,0,5.0
696,2025-10-10,Seattle,International,Sea,Carrier A,1.34,220.3,4390.7,14,11,-3,1243.85,10.2,1,0,4.83
697,2025-01-23,Chicago,Southwest,Air,Carrier B,4.18,700.7,564.4,1,2,1,2353.59,16.7,0,0,4.92
698,2025-01-27,Dallas,Southeast,Sea,Carrier C,2.94,516.5,1172.1,5,7,2,398.94,9.9,0,1,2.17
699,2025-09-17,Chicago,Northeast,Air,Carrier B,3.13,655.6,703.2,1,2,1,2836.15,14.8,0,0,4.83
700,2025-10-08,Newark,Southeast,Sea,Carrier A,2.87,397.5,874.4,3,4,1,325.21,15.5,0,0,4.52
701,2025-05-20,Atlanta,Southeast,Sea,Carrier A,1.29,185.7,492.3,2,2,0,161.7,6.6,1,0,4.54
702,2025-01-15,Dallas,Southwest,Road,Carrier B,0.89,101.9,463.5,2,1,-1,551.46,4.4,1,1,3.33
703,2025-12-27,Los Angeles,Southwest,Road,Carrier A,3.95,712.1,934.9,3,3,0,1393.82,10.8,1,0,4.72
704,2025-02-20,Dallas,Midwest,Sea,Carrier C,5.4,814.4,665.7,3,5,2,335.44,16.4,0,0,4.32
705,2025-06-06,Seattle,Midwest,Road,Carrier C,1.24,251.4,371.5,2,2,0,497.46,13.1,1,0,5.0
706,2025-11-17,Newark,Southeast,Road,Carrier B,2.48,204.1,748.9,2,2,0,1044.94,7.1,1,0,5.0
707,2025-06-08,Chicago,Northeast,Rail,Carrier D,4.81,780.9,621.0,2,2,0,525.68,16.1,1,0,5.0
708,2025-02-14,Chicago,International,Sea,Carrier D,6.43,1216.7,7743.9,23,22,-1,2313.12,10.5,1,1,3.27
709,2025-01-01,Seattle,Midwest,Road,Carrier B,1.37,137.4,513.4,2,2,0,610.53,3.1,1,0,4.93
710,2025-04-09,Newark,Midwest,Road,Carrier A,5.25,690.5,753.1,2,3,1,1070.72,13.7,0,1,2.69
711,2025-03-23,Chicago,International,Sea,Carrier B,2.75,251.1,8729.9,26,28,2,2444.28,9.3,0,0,4.0
712,2025-12-24,Dallas,International,Sea,Carrier C,4.22,699.3,3673.2,11,7,-4,1229.56,8.0,1,1,3.21
713,2025-11-10,Seattle,International,Sea,Carrier C,18.34,2198.2,3625.9,12,11,-1,1592.57,10.1,1,0,5.0
714,2025-10-23,Seattle,Northeast,Rail,Carrier B,0.65,83.1,1042.4,3,2,-1,675.83,15.1,1,0,5.0
715,2025-09-28,Newark,International,Sea,Carrier A,7.41,1410.3,6691.4,20,20,0,1980.56,6.8,1,0,4.97
716,2025-05-06,Los Angeles,International,Rail,Carrier D,3.26,509.3,6136.7,13,14,1,3939.33,14.2,0,0,4.62
717,2025-08-12,Chicago,International,Air,Carrier B,1.0,159.7,9312.0,3,4,1,33489.77,5.7,0,0,4.84
718,2025-07-12,Newark,Southeast,Road,Carrier B,1.13,175.5,919.2,2,2,0,1142.61,10.2,1,0,4.74
719,2025-08-09,Newark,Southwest,Rail,Carrier B,2.29,500.8,765.7,3,2,-1,526.21,9.5,1,0,5.0
720,2025-07-08,Dallas,West,Rail,Carrier D,1.24,217.0,1719.9,4,2,-2,1059.31,8.6,1,1,3.39
721,2025-05-17,Los Angeles,Midwest,Road,Carrier A,3.48,366.1,740.0,2,2,0,993.3,12.3,1,0,4.75
722,2025-07-04,Atlanta,Northeast,Road,Carrier D,5.61,773.9,797.0,2,3,1,1120.39,12.1,0,0,4.76
723,2025-01-13,Dallas,Northeast,Road,Carrier C,8.36,1264.7,884.1,3,4,1,1276.05,9.9,0,0,4.34
724,2025-11-06,Chicago,Midwest,Road,Carrier C,4.68,418.5,581.2,2,3,1,941.71,15.1,0,0,5.0
725,2025-08-13,Chicago,Southeast,Air,Carrier D,3.53,635.2,1059.4,2,2,0,3819.38,3.6,1,0,4.88
726,2025-10-12,Seattle,Midwest,Road,Carrier A,1.35,224.3,633.1,2,4,2,833.45,14.5,0,0,4.42
727,2025-01-23,Chicago,Southeast,Road,Carrier B,7.76,1435.4,875.2,2,1,-1,1203.84,4.6,1,0,4.94
728,2025-02-10,Chicago,Midwest,Road,Carrier B,1.12,161.0,469.6,1,1,0,575.95,6.4,1,0,5.0
729,2025-08-24,Seattle,West,Road,Carrier D,13.9,1738.0,1165.2,2,1,-1,1835.74,16.4,1,0,5.0
730,2025-06-28,Los Angeles,Southeast,Road,Carrier D,4.13,383.5,789.7,2,4,2,1005.92,5.9,0,0,4.46
731,2025-02-01,Dallas,Southeast,Sea,Carrier A,6.23,722.0,957.8,4,1,-3,412.92,11.9,1,0,4.47
732,2025-11-16,Dallas,Northeast,Road,Carrier A,5.3,909.4,705.6,2,3,1,1119.33,10.9,0,0,5.0
733,2025-09-13,Los Angeles,Southeast,Air,Carrier C,4.1,767.4,1167.6,1,1,0,4448.31,9.3,1,0,5.0
734,2025-12-08,Dallas,Southwest,Road,Carrier B,2.9,361.9,581.0,2,3,1,867.29,10.5,0,0,4.67
735,2025-01-24,Dallas,Southwest,Rail,Carrier C,3.23,449.1,670.8,2,4,2,470.13,6.9,0,0,3.78
736,2025-03-14,Atlanta,Southwest,Road,Carrier A,2.16,344.7,409.8,2,3,1,560.53,12.0,0,1,2.72
737,2025-08-29,Chicago,Northeast,Road,Carrier A,2.04,174.3,722.5,2,3,1,887.45,6.4,0,0,4.53
738,2025-03-03,Los Angeles,West,Road,Carrier C,3.67,679.2,1366.7,3,2,-1,1855.09,16.5,1,0,5.0
739,2025-08-27,Dallas,Southwest,Road,Carrier B,3.85,509.4,963.8,2,3,1,1208.69,5.7,0,0,5.0
740,2025-10-26,Dallas,Southeast,Road,Carrier C,0.65,67.5,814.2,2,2,0,967.02,6.4,1,0,5.0
741,2025-10-27,Newark,West,Road,Carrier A,10.0,1712.1,928.3,2,1,-1,1416.36,12.7,1,0,4.69
742,2025-09-30,Seattle,Northeast,Road,Carrier C,4.89,793.4,1042.3,2,1,-1,1388.02,10.2,1,0,5.0
743,2025-10-20,Newark,West,Road,Carrier C,2.06,307.3,1307.9,3,3,0,1636.42,10.2,1,0,5.0
744,2025-06-23,Chicago,Northeast,Air,Carrier A,1.75,172.4,569.3,1,2,1,2130.19,8.1,0,0,5.0
745,2025-04-23,Seattle,Southeast,Rail,Carrier A,2.44,460.8,742.0,3,2,-1,527.18,12.7,1,0,5.0
746,2025-08-11,Los Angeles,Southwest,Air,Carrier C,2.44,473.3,1424.4,2,1,-1,5422.91,10.6,1,0,5.0
747,2025-09-22,Seattle,Southeast,Rail,Carrier A,7.12,1117.3,952.2,3,2,-1,720.67,5.0,1,0,4.98
748,2025-01-14,Los Angeles,Northeast,Road,Carrier A,3.62,571.9,1170.3,3,3,0,1505.85,9.9,1,0,4.71
749,2025-07-29,Atlanta,Northeast,Air,Carrier C,2.53,465.6,1170.9,2,2,0,4409.93,9.1,1,0,4.8
750,2025-01-18,Los Angeles,Midwest,Road,Carrier A,4.42,498.1,683.2,2,1,-1,955.54,13.4,1,0,4.78
751,2025-12-10,Newark,Northeast,Road,Carrier A,1.55,252.5,723.2,2,4,2,1016.87,9.2,0,0,4.85
752,2025-12-26,Los Angeles,West,Road,Carrier A,4.55,910.9,1003.4,2,3,1,1528.6,12.1,0,0,4.21
753,2025-01-16,Dallas,Midwest,Road,Carrier A,4.92,682.4,401.2,2,1,-1,629.41,14.6,1,0,4.78
754,2025-01-07,Dallas,International,Sea,Carrier A,2.57,318.0,6073.8,18,21,3,1634.3,3.9,0,0,3.35
755,2025-08-23,Atlanta,Southeast,Road,Carrier B,1.04,179.2,829.0,2,2,0,1094.74,16.9,1,0,5.0
756,2025-10-15,Dallas,International,Sea,Carrier C,1.2,122.6,5529.3,17,16,-1,1597.72,13.6,1,0,5.0
757,2025-05-17,Los Angeles,West,Road,Carrier A,7.04,1400.2,1801.2,4,4,0,2521.4,16.9,1,0,5.0
758,2025-03-24,Seattle,Midwest,Sea,Carrier B,3.08,306.7,308.3,2,2,0,161.03,16.2,1,0,4.88
759,2025-09-23,Los Angeles,International,Air,Carrier D,2.73,234.5,6795.6,3,2,-1,25820.69,11.5,1,0,4.54
760,2025-02-26,Chicago,West,Road,Carrier A,4.77,788.4,1696.9,3,5,2,2311.82,16.9,0,0,4.47
761,2025-06-11,Chicago,Southeast,Road,Carrier C,1.77,275.7,1013.0,3,3,0,1266.72,9.7,1,0,4.59
762,2025-01-05,Dallas,Southwest,Rail,Carrier A,3.81,353.1,1069.4,3,3,0,735.85,11.0,1,0,4.16
763,2025-03-24,Dallas,Northeast,Road,Carrier B,1.75,340.7,486.1,2,1,-1,649.12,12.3,1,0,4.38
764,2025-02-05,Los Angeles,International,Air,Carrier B,3.33,285.0,6633.4,2,1,-1,25671.29,13.5,1,0,4.88
765,2025-07-09,Atlanta,International,Sea,Carrier D,7.02,664.0,5015.9,16,11,-5,1570.73,12.8,1,0,5.0
766,2025-10-16,Newark,International,Sea,Carrier A,6.87,1463.0,5433.9,16,16,0,1729.55,12.7,1,1,3.67
767,2025-12-29,Seattle,Southwest,Air,Carrier D,3.6,662.5,347.8,2,3,1,1560.0,9.7,0,0,4.84
768,2025-03-31,Dallas,West,Road,Carrier A,3.89,318.8,1040.5,3,3,0,1390.65,14.1,1,0,5.0
769,2025-10-02,Los Angeles,International,Sea,Carrier C,5.31,1044.7,4248.7,13,14,1,1240.57,3.9,0,0,3.79
770,2025-04-22,Dallas,West,Air,Carrier D,3.38,554.9,1526.1,2,2,0,5999.25,13.9,1,0,5.0
771,2025-09-03,Dallas,Southwest,Sea,Carrier A,5.79,955.7,692.7,3,4,1,322.9,4.9,0,0,4.1
772,2025-08-16,Los Angeles,Southeast,Road,Carrier D,0.83,154.1,777.2,3,3,0,931.03,6.4,1,0,5.0
773,2025-01-16,Seattle,Northeast,Air,Carrier C,0.64,89.5,715.8,1,1,0,2802.78,14.5,1,0,4.73
774,2025-07-19,Seattle,Southeast,Rail,Carrier A,8.59,1478.4,615.3,3,2,-1,594.81,9.9,1,0,5.0
775,2025-08-02,Dallas,Southwest,Road,Carrier B,5.95,666.1,559.5,2,2,0,798.58,8.2,1,0,5.0
776,2025-07-22,Chicago,West,Sea,Carrier A,2.44,288.6,1689.4,6,3,-3,539.2,13.9,1,0,5.0
777,2025-06-04,Los Angeles,Northeast,Sea,Carrier A,3.39,413.4,604.7,3,6,3,254.72,14.4,0,0,3.96
778,2025-11-03,Seattle,International,Sea,Carrier D,0.37,59.5,4893.4,15,20,5,1429.31,3.6,0,1,1.66
779,2025-05-17,Chicago,Southeast,Road,Carrier A,7.27,882.3,1093.3,3,3,0,1559.12,15.0,1,0,5.0
780,2025-12-23,Dallas,Northeast,Rail,Carrier C,3.96,744.5,631.5,3,3,0,569.29,14.5,1,0,5.0
781,2025-06-15,Atlanta,Southeast,Air,Carrier D,0.27,27.7,908.7,1,1,0,3583.96,15.8,1,0,5.0
782,2025-01-16,Newark,West,Road,Carrier A,2.53,458.7,1814.6,3,3,0,2320.15,12.8,1,1,3.68
783,2025-08-03,Atlanta,International,Rail,Carrier B,7.92,1045.7,5413.5,12,11,-1,3705.74,17.7,1,0,5.0
784,2025-01-26,Dallas,Midwest,Road,Carrier B,1.71,348.7,448.6,2,2,0,577.87,7.7,1,0,5.0
785,2025-10-05,Atlanta,Southwest,Road,Carrier A,6.92,1512.9,671.8,2,1,-1,1033.17,12.5,1,0,4.63
786,2025-04-19,Chicago,International,Sea,Carrier C,2.56,506.8,7384.1,22,28,6,2194.26,14.9,0,0,2.81
787,2025-04-19,Atlanta,International,Sea,Carrier C,9.74,2063.0,7463.3,22,23,1,2442.88,15.5,0,0,4.72
788,2025-11-20,Los Angeles,Midwest,Road,Carrier B,2.93,443.0,415.1,2,3,1,684.96,17.0,0,0,4.32
789,2025-02-03,Atlanta,Southwest,Air,Carrier C,7.97,1559.7,1242.2,1,1,0,4739.28,7.2,1,0,5.0
790,2025-07-11,Newark,Southeast,Road,Carrier B,3.43,463.3,698.5,2,1,-1,986.36,17.0,1,0,5.0
791,2025-05-14,Atlanta,Northeast,Road,Carrier D,9.19,1519.3,538.7,2,1,-1,868.41,7.7,1,0,4.36
792,2025-08-26,Los Angeles,Midwest,Road,Carrier B,1.14,168.6,686.3,2,1,-1,838.21,7.4,1,0,5.0
793,2025-11-28,Seattle,Northeast,Road,Carrier A,3.86,603.1,1090.9,3,5,2,1677.86,16.3,0,0,3.69
794,2025-06-20,Dallas,International,Sea,Carrier B,2.12,407.6,4155.7,13,10,-3,1189.35,9.0,1,0,5.0
795,2025-11-02,Chicago,Southeast,Road,Carrier A,4.29,400.3,907.6,2,3,1,1390.81,14.7,0,0,4.34
796,2025-04-18,Dallas,Midwest,Rail,Carrier A,1.31,189.9,348.8,1,1,0,247.97,12.2,1,0,5.0
797,2025-01-09,Los Angeles,Midwest,Rail,Carrier B,1.69,210.6,567.2,2,1,-1,376.07,8.1,1,0,4.87
798,2025-09-28,Los Angeles,West,Road,Carrier C,2.23,217.9,1127.4,3,3,0,1433.44,11.6,1,0,5.0
799,2025-03-31,Los Angeles,Southwest,Air,Carrier B,2.35,298.4,50.0,1,2,1,255.59,16.1,0,0,4.16
800,2025-05-23,Seattle,Southwest,Road,Carrier C,6.97,721.1,1011.1,2,2,0,1363.18,8.8,1,0,4.71
801,2025-08-05,Atlanta,Northeast,Sea,Carrier A,8.45,1645.7,669.4,2,1,-1,432.53,14.9,1,0,4.47
802,2025-10-15,Chicago,Southeast,Road,Carrier D,3.63,453.0,1422.0,3,3,0,1841.61,12.2,1,0,4.01
803,2025-02-01,Seattle,Midwest,Sea,Carrier D,2.85,497.8,442.7,2,1,-1,190.37,6.8,1,0,5.0
804,2025-04-03,Newark,Midwest,Road,Carrier A,7.3,1135.1,500.2,2,2,0,836.16,16.7,1,0,4.97
805,2025-02-21,Chicago,Southwest,Road,Carrier A,2.14,182.4,959.6,2,2,0,1180.16,7.6,1,0,4.4
806,2025-12-17,Chicago,Southwest,Road,Carrier C,3.82,544.1,1045.2,3,4,1,1459.71,5.6,0,0,4.58
807,2025-10-10,Seattle,Midwest,Road,Carrier D,10.22,1363.8,491.1,2,3,1,792.1,4.0,0,0,5.0
808,2025-11-27,Chicago,Southeast,Air,Carrier A,8.34,1546.2,1224.8,2,3,1,5081.48,3.9,0,1,3.2
809,2025-05-09,Seattle,Northeast,Road,Carrier B,4.56,539.9,1055.0,3,3,0,1450.59,15.5,1,0,5.0
810,2025-11-01,Chicago,Southeast,Sea,Carrier A,8.19,1727.9,846.5,4,4,0,509.06,8.0,1,0,5.0
811,2025-10-06,Seattle,West,Rail,Carrier B,10.32,2116.2,1639.7,5,4,-1,1286.87,10.7,1,0,4.85
812,2025-01-23,Seattle,Southeast,Sea,Carrier C,1.93,354.6,655.0,3,4,1,223.93,6.4,0,0,4.78
813,2025-10-02,Atlanta,Midwest,Rail,Carrier A,1.1,114.9,614.2,2,2,0,390.96,8.6,1,0,4.82
814,2025-09-21,Dallas,Southeast,Road,Carrier C,1.41,229.4,808.6,3,3,0,975.67,5.8,1,0,4.85
815,2025-08-26,Seattle,Northeast,Road,Carrier C,3.08,289.2,694.0,2,2,0,945.15,14.7,1,0,5.0
816,2025-12-01,Chicago,International,Sea,Carrier D,1.86,223.6,6337.4,19,22,3,2112.77,16.2,0,0,3.4
817,2025-06-17,Seattle,Southeast,Rail,Carrier C,2.17,180.1,937.9,3,3,0,626.53,12.4,1,0,4.34
818,2025-10-08,Newark,Northeast,Sea,Carrier A,1.18,253.2,599.6,3,3,0,197.59,9.6,1,0,4.33
819,2025-07-11,Chicago,Midwest,Road,Carrier A,1.61,349.4,639.9,2,2,0,814.87,9.3,1,0,5.0
820,2025-08-02,Los Angeles,Northeast,Road,Carrier D,4.62,454.1,941.8,2,2,0,1169.74,3.7,1,0,5.0
821,2025-12-24,Los Angeles,Northeast,Sea,Carrier A,2.93,518.1,622.0,3,3,0,263.06,4.2,1,0,4.52
822,2025-12-22,Dallas,Southeast,Road,Carrier B,4.49,879.5,804.0,2,3,1,1194.5,7.1,0,0,4.95
823,2025-03-09,Seattle,Southwest,Sea,Carrier B,2.04,320.5,1129.1,4,6,2,382.28,16.2,0,0,4.55
824,2025-04-24,Dallas,West,Road,Carrier C,0.36,64.4,1109.5,3,2,-1,1388.88,13.0,1,0,5.0
825,2025-09-03,Los Angeles,Midwest,Sea,Carrier C,2.37,416.2,386.0,2,2,0,173.6,13.6,1,0,5.0
826,2025-01-22,Chicago,Midwest,Sea,Carrier C,2.09,204.1,537.4,3,4,1,195.01,10.9,0,0,4.39
827,2025-02-17,Chicago,Southeast,Road,Carrier A,6.81,1313.3,1039.8,2,1,-1,1451.87,10.7,1,0,4.97
828,2025-12-08,Atlanta,Southeast,Sea,Carrier A,2.84,526.9,836.6,3,4,1,330.21,6.0,0,0,5.0
829,2025-07-25,Atlanta,Southwest,Rail,Carrier D,1.1,186.3,948.5,3,4,1,637.78,16.5,0,0,3.58
830,2025-12-19,Newark,Northeast,Air,Carrier D,3.94,827.5,851.5,1,3,2,3623.43,8.0,0,0,4.04
831,2025-12-04,Los Angeles,Southeast,Road,Carrier D,5.9,924.5,1086.6,2,3,1,1705.5,14.5,0,0,4.39
832,2025-01-24,Dallas,West,Road,Carrier A,0.61,102.6,1450.5,3,3,0,1736.93,7.9,1,0,4.85
833,2025-07-21,Chicago,Southwest,Air,Carrier B,1.74,324.0,1224.5,1,1,0,4600.91,9.4,1,0,5.0
834,2025-02-08,Seattle,West,Sea,Carrier A,7.61,1418.2,1199.2,4,4,0,532.33,9.8,1,0,4.93
835,2025-03-24,Los Angeles,Northeast,Rail,Carrier B,1.11,219.4,867.4,2,1,-1,522.42,3.5,1,0,4.67
836,2025-12-28,Dallas,Midwest,Rail,Carrier A,0.99,186.8,529.9,2,3,1,400.86,13.4,0,0,4.37
837,2025-10-11,Dallas,Northeast,Road,Carrier A,7.86,883.3,925.1,2,1,-1,1323.55,12.2,1,0,5.0
838,2025-02-07,Seattle,Southwest,Rail,Carrier A,0.4,77.3,1397.0,4,2,-2,900.42,15.7,1,0,4.51
839,2025-03-08,Atlanta,International,Air,Carrier C,1.81,390.1,9057.8,4,4,0,35994.09,16.7,1,0,5.0
840,2025-08-23,Chicago,Northeast,Air,Carrier D,5.05,843.3,792.2,1,1,0,3258.41,15.9,1,0,5.0
841,2025-02-07,Seattle,Northeast,Road,Carrier A,1.07,155.8,1184.3,2,1,-1,1536.18,15.8,1,0,4.75
842,2025-12-11,Los Angeles,Northeast,Air,Carrier B,8.41,1775.3,694.6,1,2,1,3263.83,13.1,0,0,4.61
843,2025-05-09,Chicago,Northeast,Rail,Carrier C,1.9,336.8,1009.4,3,1,-2,670.2,11.6,1,0,4.48
844,2025-08-15,Newark,West,Road,Carrier A,7.09,1484.3,1636.4,3,2,-1,2317.25,17.0,1,0,4.59
845,2025-06-10,Chicago,Southwest,Road,Carrier B,0.55,103.5,599.7,2,1,-1,701.43,4.2,1,1,2.75
846,2025-04-27,Dallas,Northeast,Sea,Carrier C,2.65,327.4,495.3,2,1,-1,211.94,17.8,1,0,4.27
847,2025-07-11,Chicago,Midwest,Air,Carrier A,3.25,430.5,515.5,1,1,0,2003.34,9.9,1,0,4.95
848,2025-03-23,Chicago,International,Sea,Carrier A,3.47,558.6,5117.8,16,15,-1,1421.98,4.6,1,0,5.0
849,2025-07-01,Newark,Northeast,Air,Carrier C,1.51,327.4,1133.8,1,1,0,4014.65,3.1,1,0,5.0
850,2025-08-30,Atlanta,West,Road,Carrier A,3.46,651.2,888.9,2,3,1,1148.26,8.1,0,0,4.52
851,2025-05-07,Chicago,Southwest,Road,Carrier C,1.37,119.6,664.7,2,1,-1,884.35,16.7,1,0,4.66
852,2025-07-09,Newark,Southwest,Road,Carrier D,0.48,71.0,1175.8,3,4,1,1431.91,9.8,0,0,4.3
853,2025-11-24,Chicago,Southwest,Sea,Carrier C,3.36,551.2,1032.9,4,1,-3,430.03,14.2,1,0,5.0
854,2025-03-06,Atlanta,Southeast,Sea,Carrier A,3.85,831.6,1085.1,4,8,4,402.09,8.5,0,0,3.55
855,2025-04-19,Los Angeles,Northeast,Road,Carrier C,6.97,818.7,768.8,2,2,0,1058.59,6.8,1,0,5.0
856,2025-08-20,Dallas,Southeast,Road,Carrier A,3.09,314.4,627.6,2,1,-1,864.58,14.9,1,0,4.06
857,2025-04-18,Los Angeles,West,Air,Carrier B,2.15,464.2,1479.0,2,2,0,5831.37,14.7,1,0,5.0
858,2025-10-09,Seattle,Southeast,Road,Carrier C,2.49,499.1,573.6,2,1,-1,759.17,9.5,1,0,5.0
859,2025-07-26,Dallas,Southeast,Road,Carrier A,2.91,439.4,801.7,2,1,-1,1048.91,10.7,1,0,5.0
860,2025-08-14,Seattle,Southwest,Sea,Carrier A,4.16,751.0,1282.9,4,7,3,477.91,13.6,0,0,3.31
861,2025-12-16,Atlanta,International,Sea,Carrier D,0.96,134.3,6087.9,18,19,1,1937.31,12.1,0,1,3.2
862,2025-04-21,Seattle,Southwest,Road,Carrier A,3.08,511.9,955.3,2,2,0,1165.32,3.8,1,0,4.56
863,2025-11-29,Newark,Midwest,Air,Carrier C,2.52,352.6,454.6,2,3,1,1873.99,4.5,0,0,4.27
864,2025-01-25,Los Angeles,Southwest,Rail,Carrier B,1.63,269.9,897.1,3,4,1,617.39,16.2,0,0,5.0
865,2025-10-17,Seattle,Southeast,Air,Carrier D,1.91,169.1,1196.1,1,1,0,4300.9,4.8,1,0,5.0
866,2025-02-10,Atlanta,Northeast,Road,Carrier B,3.66,403.7,832.8,2,3,1,1161.65,17.2,0,0,4.31
867,2025-03-13,Atlanta,Southwest,Road,Carrier B,9.44,1491.5,858.1,2,1,-1,1262.15,8.8,1,0,4.18
868,2025-11-03,Chicago,Midwest,Sea,Carrier C,2.32,425.1,462.7,3,4,1,221.93,15.4,0,0,4.73
869,2025-09-22,Newark,Southwest,Road,Carrier A,1.86,168.9,993.5,2,3,1,1210.38,7.2,0,0,3.86
870,2025-10-20,Seattle,Northeast,Rail,Carrier A,1.59,180.5,907.6,3,2,-1,554.91,4.3,1,0,5.0
871,2025-11-09,Los Angeles,Midwest,Road,Carrier A,7.72,1269.1,636.7,2,3,1,1111.16,12.8,0,0,5.0
872,2025-01-29,Dallas,Midwest,Road,Carrier B,6.01,1086.8,442.8,1,1,0,692.16,9.6,1,0,4.87
873,2025-05-14,Chicago,International,Air,Carrier A,9.4,1718.2,4927.8,2,2,0,19053.13,12.2,1,0,5.0
874,2025-07-31,Dallas,Southeast,Rail,Carrier A,1.8,263.7,1034.0,3,1,-2,655.74,7.7,1,0,5.0
875,2025-07-26,Los Angeles,Northeast,Road,Carrier A,5.97,945.5,973.5,2,2,0,1391.16,15.2,1,0,5.0
876,2025-07-21,Dallas,Northeast,Road,Carrier B,3.07,489.9,814.0,2,3,1,1048.0,8.5,0,0,4.75
877,2025-12-16,Seattle,Southeast,Road,Carrier A,4.11,747.3,1002.0,3,5,2,1520.23,13.0,0,0,4.68
878,2025-09-14,Los Angeles,Southwest,Road,Carrier B,1.98,230.4,581.5,2,2,0,761.2,11.8,1,0,4.85
879,2025-01-22,Seattle,Southeast,Road,Carrier A,7.81,783.8,1060.7,2,2,0,1500.47,13.4,1,0,4.92
880,2025-11-11,Atlanta,Southwest,Road,Carrier D,1.06,113.7,1084.6,3,3,0,1477.38,8.6,1,0,4.42
881,2025-04-07,Chicago,Southwest,Road,Carrier C,4.8,708.0,866.9,2,3,1,1140.61,7.5,0,0,3.96
882,2025-10-20,Atlanta,Northeast,Rail,Carrier D,0.1,15.7,894.6,2,3,1,523.46,5.9,0,0,4.67
883,2025-11-02,Newark,Southeast,Road,Carrier B,1.09,132.6,802.8,2,3,1,1074.64,5.9,0,0,4.9
884,2025-03-15,Chicago,Midwest,Road,Carrier A,2.18,443.4,283.4,1,1,0,400.32,9.2,1,0,5.0
885,2025-09-16,Atlanta,Southeast,Road,Carrier C,11.9,1508.8,769.7,3,1,-2,1219.49,10.8,1,0,5.0
886,2025-10-04,Los Angeles,Northeast,Air,Carrier C,3.91,353.8,928.0,2,3,1,3651.6,13.0,0,0,4.18
887,2025-12-02,Newark,Midwest,Rail,Carrier C,2.56,255.6,455.2,2,1,-1,384.05,13.7,1,0,5.0
888,2025-05-03,Dallas,Midwest,Rail,Carrier B,0.92,185.0,347.5,1,1,0,249.59,16.5,1,0,5.0
889,2025-03-31,Seattle,Southeast,Air,Carrier A,1.94,382.9,1219.3,1,1,0,4747.59,13.2,1,0,5.0
890,2025-05-13,Seattle,International,Sea,Carrier B,2.94,369.5,5823.6,18,19,1,1690.15,11.3,0,0,4.73
891,2025-12-08,Atlanta,Southwest,Road,Carrier B,4.54,795.6,1073.2,2,4,2,1526.58,5.8,0,0,4.9
892,2025-03-11,Seattle,Northeast,Road,Carrier B,8.72,1249.7,902.1,3,2,-1,1325.47,11.8,1,0,5.0
893,2025-04-21,Chicago,Midwest,Sea,Carrier C,3.37,348.7,460.3,3,3,0,191.04,4.4,1,0,4.46
894,2025-09-28,Seattle,Southeast,Sea,Carrier A,1.64,322.0,1134.0,4,4,0,361.78,11.6,1,0,5.0
895,2025-03-08,Newark,West,Road,Carrier A,3.4,746.5,1449.5,3,3,0,1837.65,9.2,1,0,4.83
896,2025-02-10,Chicago,West,Sea,Carrier A,0.64,117.5,1537.2,5,2,-3,437.72,9.5,1,0,5.0
897,2025-12-09,Chicago,Southwest,Road,Carrier B,1.0,185.5,738.4,2,3,1,1041.9,11.2,0,0,5.0
898,2025-09-22,Seattle,West,Road,Carrier B,5.23,1149.3,1483.6,3,3,0,1831.44,3.6,1,0,4.77
899,2025-10-31,Dallas,Southeast,Road,Carrier D,6.83,1082.8,1082.5,3,1,-2,1523.83,13.1,1,0,4.9
900,2025-08-16,Los Angeles,Southwest,Rail,Carrier C,1.54,273.8,1070.3,3,2,-1,644.8,3.1,1,0,4.5
901,2025-11-30,Newark,Northeast,Road,Carrier D,2.65,288.4,719.2,2,3,1,1003.53,6.0,0,0,4.96
902,2025-04-12,Atlanta,West,Sea,Carrier A,2.71,398.4,1889.5,7,6,-1,594.19,11.5,1,0,5.0
903,2025-11-07,Dallas,Southwest,Sea,Carrier B,1.14,153.7,1274.2,5,5,0,444.84,15.7,1,0,4.83
904,2025-03-10,Chicago,International,Sea,Carrier A,1.54,279.2,6097.0,19,18,-1,1751.73,12.2,1,0,4.68
905,2025-11-20,Newark,Northeast,Road,Carrier A,3.28,512.6,974.7,2,2,0,1384.88,7.8,1,0,4.51
906,2025-04-02,Dallas,Southwest,Road,Carrier B,6.31,1153.6,897.0,3,3,0,1245.01,9.3,1,0,4.64
907,2025-01-22,Chicago,Northeast,Road,Carrier B,2.09,446.6,787.0,3,4,1,1062.76,15.6,0,0,4.65
908,2025-11-22,Chicago,West,Sea,Carrier B,1.14,171.9,1137.5,4,4,0,400.69,15.4,1,0,5.0
909,2025-06-07,Atlanta,Northeast,Rail,Carrier C,2.1,177.8,941.8,3,2,-1,601.47,7.7,1,0,4.83
910,2025-06-05,Los Angeles,International,Rail,Carrier D,0.68,121.8,7541.6,16,16,0,4459.74,7.1,1,0,5.0
911,2025-01-09,Atlanta,Southwest,Sea,Carrier A,6.18,785.1,935.8,3,5,2,408.72,11.7,0,0,4.03
912,2025-12-18,Atlanta,Southeast,Road,Carrier A,2.42,256.7,1277.5,3,3,0,1757.54,7.9,1,0,5.0
913,2025-09-16,Atlanta,Northeast,Rail,Carrier D,2.61,271.4,1128.7,3,3,0,765.69,13.7,1,0,5.0
914,2025-09-26,Seattle,West,Rail,Carrier A,0.84,180.1,1537.7,4,5,1,946.26,9.1,0,0,4.68
915,2025-08-20,Atlanta,Midwest,Road,Carrier A,1.41,215.2,303.8,1,2,1,406.4,11.0,0,0,5.0
916,2025-01-04,Seattle,International,Sea,Carrier B,2.18,368.4,8001.0,24,19,-5,2143.66,4.5,1,0,5.0
917,2025-06-25,Chicago,Southeast,Air,Carrier D,0.86,98.4,888.1,1,1,0,3508.22,15.5,1,0,5.0
918,2025-04-16,Chicago,Northeast,Sea,Carrier D,1.14,100.2,1065.2,4,2,-2,339.79,17.8,1,0,4.28
919,2025-02-18,Newark,Midwest,Sea,Carrier A,3.9,707.8,560.1,2,4,2,276.03,18.0,0,0,3.78
920,2025-12-23,Los Angeles,Southeast,Road,Carrier A,1.11,215.1,704.6,2,3,1,1040.82,15.8,0,0,4.62
921,2025-09-21,Dallas,Midwest,Sea,Carrier D,7.1,728.1,481.0,3,5,2,288.21,9.5,0,0,4.56
922,2025-11-16,Los Angeles,Southwest,Road,Carrier B,4.94,776.8,604.3,2,3,1,945.91,8.6,0,0,3.96
923,2025-01-28,Newark,Southwest,Road,Carrier B,6.13,794.5,838.0,3,4,1,1186.24,12.6,0,0,4.21
924,2025-10-20,Dallas,Southwest,Road,Carrier C,0.36,66.2,1163.7,2,2,0,1465.46,13.7,1,0,4.79
925,2025-08-06,Seattle,Southeast,Road,Carrier D,3.45,738.7,989.8,2,1,-1,1350.52,14.7,1,0,4.2
926,2025-10-25,Los Angeles,International,Rail,Carrier A,2.44,479.7,4408.5,10,11,1,2853.12,14.8,0,0,5.0
927,2025-04-29,Atlanta,Northeast,Sea,Carrier A,7.15,1153.4,742.9,3,1,-2,405.65,15.7,1,0,4.53
928,2025-07-24,Newark,Southeast,Road,Carrier B,3.61,386.1,855.6,3,3,0,1050.17,3.5,1,0,5.0
929,2025-11-17,Newark,Northeast,Road,Carrier A,4.89,844.4,1010.8,3,4,1,1596.18,16.1,0,0,5.0
930,2025-01-21,Atlanta,Southeast,Air,Carrier A,3.22,407.0,797.7,1,1,0,3069.92,10.4,1,0,5.0
931,2025-08-10,Chicago,Midwest,Road,Carrier D,1.39,159.1,614.4,2,1,-1,816.71,15.9,1,0,5.0
932,2025-03-05,Newark,Southeast,Sea,Carrier B,2.36,275.0,946.8,3,5,2,305.79,7.0,0,0,4.29
933,2025-12-29,Newark,Midwest,Air,Carrier D,2.38,461.6,572.5,1,2,1,2582.71,15.0,0,0,4.84
934,2025-06-05,Newark,Midwest,Road,Carrier B,6.64,930.3,411.7,1,3,2,657.7,9.8,0,0,4.17
935,2025-06-28,Atlanta,Southeast,Air,Carrier C,1.41,191.5,916.3,1,1,0,3658.88,16.3,1,0,4.54
936,2025-10-24,Chicago,Northeast,Road,Carrier D,3.79,493.9,455.0,1,1,0,655.41,12.6,1,0,5.0
937,2025-08-25,Los Angeles,Southwest,Road,Carrier B,5.87,579.6,803.4,2,2,0,1142.98,14.2,1,0,4.88
938,2025-08-21,Chicago,Southeast,Rail,Carrier B,0.22,19.0,889.2,3,1,-2,582.13,18.0,1,0,5.0
939,2025-07-31,Los Angeles,West,Road,Carrier B,3.32,565.5,1838.0,4,6,2,2366.61,12.7,0,0,4.55
940,2025-02-18,Seattle,International,Sea,Carrier D,4.87,769.3,8023.0,24,20,-4,2301.47,8.7,1,0,4.84
941,2025-07-01,Los Angeles,Northeast,Road,Carrier B,0.57,104.3,901.3,3,3,0,1186.07,18.0,1,0,4.62
942,2025-06-05,Los Angeles,Northeast,Sea,Carrier B,2.42,295.5,859.5,3,3,0,289.34,8.8,1,1,3.01
943,2025-02-26,Chicago,Northeast,Rail,Carrier A,1.63,196.9,198.0,1,1,0,150.2,4.9,1,0,5.0
944,2025-02-12,Seattle,Midwest,Road,Carrier B,2.18,414.3,609.6,1,2,1,765.94,5.8,0,0,5.0
945,2025-05-26,Atlanta,Northeast,Road,Carrier C,1.67,355.9,856.9,3,2,-1,1134.19,15.1,1,0,4.75
946,2025-03-02,Seattle,International,Rail,Carrier C,2.24,264.9,4305.1,9,9,0,2726.16,12.9,1,0,4.89
947,2025-06-29,Newark,Southwest,Rail,Carrier A,2.55,287.6,842.3,2,1,-1,575.71,11.6,1,0,4.82
948,2025-06-16,Los Angeles,West,Sea,Carrier A,0.74,109.9,1561.7,5,3,-2,462.4,13.6,1,0,5.0
949,2025-09-16,Newark,Southeast,Road,Carrier A,3.81,799.7,917.2,2,1,-1,1181.36,6.8,1,0,4.84
950,2025-03-30,Los Angeles,International,Rail,Carrier A,0.94,172.8,8218.4,18,19,1,5083.4,11.9,0,0,3.93
951,2025-10-14,Seattle,Southeast,Road,Carrier B,4.19,583.3,1226.8,3,3,0,1552.47,7.7,1,0,4.94
952,2025-01-18,Seattle,Southeast,Air,Carrier D,1.05,215.2,859.8,1,1,0,3401.32,15.3,1,0,5.0
953,2025-10-25,Atlanta,West,Road,Carrier C,3.08,316.2,1629.8,3,2,-1,1947.58,5.0,1,0,5.0
954,2025-07-04,Los Angeles,Midwest,Sea,Carrier A,4.9,992.0,195.8,2,1,-1,187.63,9.1,1,0,4.58
955,2025-04-30,Atlanta,Southwest,Air,Carrier C,4.89,927.5,725.7,1,1,0,2913.06,12.6,1,0,4.73
956,2025-01-01,Atlanta,Southeast,Air,Carrier D,0.92,105.7,865.9,2,2,0,3392.86,14.5,1,0,4.59
957,2025-12-13,Chicago,International,Air,Carrier C,3.61,351.4,4547.5,2,3,1,20111.24,15.6,0,0,5.0
958,2025-08-20,Atlanta,International,Sea,Carrier D,2.1,338.4,6845.0,21,25,4,2025.36,15.1,0,0,3.33
959,2025-08-01,Los Angeles,Midwest,Road,Carrier A,2.12,224.6,425.7,1,1,0,595.13,16.4,1,0,5.0
960,2025-10-21,Chicago,Southwest,Road,Carrier C,8.03,811.7,899.1,2,2,0,1225.95,6.6,1,0,4.97
961,2025-10-15,Dallas,Midwest,Sea,Carrier D,3.55,606.2,442.9,2,3,1,227.39,17.0,0,1,2.45
962,2025-01-12,Chicago,Southeast,Air,Carrier C,4.99,930.0,834.7,1,2,1,3065.75,3.6,0,0,3.99
963,2025-04-05,Dallas,Southeast,Road,Carrier C,4.29,849.0,1319.4,3,4,1,1612.74,3.5,0,0,5.0
964,2025-04-10,Los Angeles,West,Road,Carrier D,2.88,260.1,515.4,1,1,0,716.02,14.9,1,0,5.0
965,2025-09-03,Los Angeles,Midwest,Sea,Carrier C,3.89,456.3,473.8,2,1,-1,216.24,8.3,1,0,5.0
966,2025-03-02,Dallas,Southwest,Road,Carrier A,1.38,282.5,955.4,2,3,1,1165.07,7.3,0,0,4.76
967,2025-04-16,Dallas,Northeast,Road,Carrier A,3.48,442.5,668.9,2,3,1,905.69,11.8,0,0,4.18
968,2025-05-13,Seattle,Midwest,Rail,Carrier B,4.41,818.3,502.0,2,2,0,440.58,15.0,1,0,5.0
969,2025-06-17,Los Angeles,Northeast,Road,Carrier D,1.24,119.7,874.2,2,1,-1,1134.03,15.0,1,0,5.0
970,2025-08-10,Dallas,Northeast,Road,Carrier C,3.12,433.8,917.3,3,4,1,1200.47,11.4,0,0,4.99
971,2025-09-22,Newark,Southeast,Road,Carrier C,1.27,104.4,801.3,2,1,-1,973.62,7.5,1,0,5.0
972,2025-05-29,Newark,Northeast,Sea,Carrier A,3.21,336.0,769.2,3,3,0,284.83,10.7,1,0,4.58
973,2025-08-06,Chicago,Northeast,Air,Carrier A,2.15,312.0,785.2,1,1,0,2823.46,3.9,1,0,4.54
974,2025-08-16,Atlanta,Southeast,Air,Carrier B,0.91,92.8,1156.7,1,1,0,4587.11,16.1,1,0,5.0
975,2025-03-14,Atlanta,West,Air,Carrier C,6.14,1078.3,1166.6,2,3,1,4441.55,8.0,0,0,4.41
976,2025-11-05,Chicago,International,Air,Carrier D,1.7,324.7,5447.2,2,2,0,24303.33,16.9,1,0,3.73
977,2025-05-06,Atlanta,Northeast,Air,Carrier B,3.61,363.2,736.5,1,1,0,3032.58,17.7,1,0,4.48
978,2025-06-28,Los Angeles,Southwest,Road,Carrier D,3.14,499.9,807.4,2,3,1,1112.94,15.9,0,0,5.0
979,2025-02-24,Atlanta,Southwest,Rail,Carrier B,6.41,800.4,923.8,3,5,2,720.84,11.9,0,0,4.69
980,2025-09-23,Atlanta,Midwest,Road,Carrier C,8.16,698.8,411.9,2,2,0,667.77,9.4,1,0,5.0
981,2025-08-31,Newark,Southeast,Sea,Carrier A,2.7,395.6,882.1,4,2,-2,319.93,13.9,1,0,4.88
982,2025-05-01,Newark,Midwest,Road,Carrier B,1.89,280.5,577.6,2,1,-1,755.62,11.5,1,0,5.0
983,2025-06-22,Dallas,Southwest,Road,Carrier B,1.76,158.9,1255.2,3,2,-1,1570.8,11.0,1,0,4.6
984,2025-01-18,Dallas,Midwest,Air,Carrier A,1.94,216.6,476.0,1,1,0,1870.66,12.8,1,0,5.0
985,2025-12-06,Atlanta,Northeast,Rail,Carrier A,6.65,1358.0,985.2,3,7,4,863.0,8.6,0,0,3.08
986,2025-01-06,Seattle,Midwest,Sea,Carrier B,0.36,36.0,367.8,2,1,-1,116.79,17.8,1,1,3.4
987,2025-08-27,Los Angeles,Southeast,Road,Carrier B,1.43,199.8,645.8,2,1,-1,800.43,7.9,1,0,5.0
988,2025-02-05,Dallas,Northeast,Road,Carrier D,4.07,758.9,1025.0,2,2,0,1433.76,16.9,1,0,5.0
989,2025-02-06,Chicago,Northeast,Air,Carrier B,1.8,376.7,982.7,2,1,-1,3634.32,7.3,1,0,5.0
990,2025-02-17,Newark,Southwest,Road,Carrier B,2.82,537.5,1144.7,3,3,0,1373.57,3.4,1,0,5.0
991,2025-12-02,Newark,Northeast,Air,Carrier B,3.16,619.8,890.3,1,2,1,3874.62,11.4,0,0,4.58
992,2025-03-31,Los Angeles,Northeast,Road,Carrier A,0.83,105.3,430.4,2,2,0,531.33,8.2,1,0,4.22
993,2025-06-02,Newark,Southeast,Road,Carrier A,2.04,418.2,695.7,2,3,1,908.17,11.2,0,0,4.79
994,2025-09-25,Los Angeles,Southeast,Air,Carrier B,1.88,412.0,893.9,2,2,0,3575.9,15.8,1,0,5.0
995,2025-08-22,Newark,West,Road,Carrier B,1.45,229.9,1798.5,3,2,-1,2196.58,9.2,1,0,4.8
996,2025-04-07,Chicago,Northeast,Road,Carrier D,1.48,266.9,779.8,2,3,1,1022.92,14.5,0,0,4.34
997,2025-01-18,Los Angeles,Northeast,Road,Carrier A,6.02,1266.7,394.7,2,2,0,687.64,17.0,1,0,4.91
998,2025-07-13,Newark,Northeast,Road,Carrier B,2.81,596.1,731.6,2,3,1,930.25,6.1,0,0,4.16
999,2025-01-13,Newark,West,Road,Carrier B,8.23,1362.5,812.4,2,2,0,1258.86,16.0,1,0,5.0
1000,2025-05-22,Seattle,Southeast,Road,Carrier B,13.0,2230.6,523.6,2,3,1,925.68,4.9,0,0,4.42
1001,2025-02-13,Seattle,Midwest,Road,Carrier B,6.67,1094.5,581.8,2,2,0,840.79,5.8,1,0,4.54
1002,2025-03-30,Seattle,Southeast,Rail,Carrier D,1.2,119.8,1096.0,3,5,2,661.22,5.5,0,0,4.0
1003,2025-05-19,Dallas,International,Rail,Carrier A,6.29,1250.6,5193.7,11,11,0,3525.78,17.0,1,0,5.0
1004,2025-11-17,Los Angeles,Northeast,Road,Carrier A,1.77,187.1,1057.9,3,2,-1,1500.77,11.7,1,0,5.0
1005,2025-09-25,Newark,Northeast,Road,Carrier A,2.35,411.0,747.3,2,3,1,962.92,9.7,0,0,4.65
1006,2025-10-15,Seattle,West,Road,Carrier C,0.97,132.6,1265.8,3,3,0,1591.65,12.6,1,0,5.0
1007,2025-04-22,Seattle,West,Road,Carrier D,6.58,728.0,1674.1,3,3,0,2146.71,8.6,1,0,5.0
1008,2025-09-29,Atlanta,Southwest,Road,Carrier D,4.11,637.7,977.4,2,2,0,1298.53,11.1,1,0,5.0
1009,2025-01-31,Dallas,Midwest,Rail,Carrier A,1.92,203.4,590.2,2,3,1,396.63,9.1,0,0,4.43
1010,2025-09-14,Atlanta,Northeast,Rail,Carrier A,6.81,898.4,804.3,3,2,-1,624.17,5.9,1,0,4.57
1011,2025-03-13,Seattle,Northeast,Road,Carrier A,3.06,635.7,911.0,2,2,0,1200.69,11.2,1,0,4.76
1012,2025-09-24,Los Angeles,Southwest,Sea,Carrier B,2.07,265.2,969.9,4,7,3,321.4,12.1,0,0,3.47
1013,2025-01-23,Dallas,Midwest,Air,Carrier A,3.18,393.6,558.7,1,1,0,2179.31,10.8,1,0,4.94
1014,2025-12-27,Los Angeles,Southwest,Sea,Carrier A,3.78,562.1,771.4,4,8,4,334.25,7.5,0,0,3.49
1015,2025-12-23,Los Angeles,Midwest,Sea,Carrier A,5.0,720.9,468.5,3,4,1,270.88,6.0,0,1,3.7
1016,2025-08-05,Seattle,West,Air,Carrier C,3.21,316.7,361.6,1,1,0,1514.77,17.1,1,0,5.0
1017,2025-02-28,Chicago,Southeast,Air,Carrier C,4.39,465.4,1278.0,1,1,0,5055.12,14.0,1,0,4.3
1018,2025-10-20,Los Angeles,Southeast,Air,Carrier A,2.4,265.6,1008.9,1,1,0,4015.51,15.4,1,0,5.0
1019,2025-03-03,Newark,Midwest,Road,Carrier D,4.01,696.9,561.4,2,2,0,778.15,9.2,1,0,5.0
1020,2025-07-14,Atlanta,Midwest,Sea,Carrier C,0.92,161.3,502.9,3,5,2,158.91,7.7,0,0,3.93
1021,2025-05-01,Atlanta,Southwest,Road,Carrier D,11.68,1617.0,1036.9,3,3,0,1483.22,6.2,1,0,4.65
1022,2025-01-10,Dallas,Southeast,Sea,Carrier C,6.32,970.8,798.2,3,1,-2,358.93,4.7,1,0,5.0
1023,2025-01-20,Dallas,Southwest,Road,Carrier C,3.9,541.0,879.0,3,2,-1,1153.43,9.6,1,0,4.86
1024,2025-12-18,Atlanta,Northeast,Road,Carrier B,5.18,464.2,1190.6,3,4,1,1672.97,5.9,0,0,3.9
1025,2025-09-02,Newark,Northeast,Sea,Carrier A,2.5,286.5,870.6,4,5,1,290.81,7.9,0,0,4.95
1026,2025-10-20,Seattle,Midwest,Road,Carrier A,1.57,254.2,715.9,2,1,-1,896.26,8.8,1,0,5.0
1027,2025-12-22,Los Angeles,Southwest,Road,Carrier A,12.23,1695.6,1061.9,2,3,1,1761.6,9.5,0,0,5.0
1028,2025-04-21,Los Angeles,Northeast,Rail,Carrier C,3.56,751.8,757.1,3,1,-2,534.74,5.4,1,0,5.0
1029,2025-05-02,Los Angeles,Southeast,Sea,Carrier C,1.41,239.3,1091.0,4,7,3,331.61,8.4,0,0,3.59
1030,2025-07-01,Seattle,Southeast,Rail,Carrier B,4.76,951.3,452.7,2,3,1,411.08,11.7,0,0,5.0
1031,2025-08-07,Seattle,Northeast,Road,Carrier C,2.99,475.5,687.9,2,1,-1,873.22,5.8,1,0,5.0
1032,2025-07-04,Chicago,Northeast,Road,Carrier A,2.95,586.2,479.3,2,2,0,682.42,13.6,1,0,4.55
1033,2025-04-08,Dallas,Northeast,Road,Carrier A,5.41,1127.1,985.0,2,1,-1,1382.17,13.2,1,0,5.0
1034,2025-04-12,Chicago,Midwest,Rail,Carrier B,2.18,369.9,535.9,2,2,0,386.41,11.7,1,0,4.19
1035,2025-02-24,Newark,West,Road,Carrier D,8.82,1534.1,1132.8,2,2,0,1594.8,9.6,1,1,3.36
1036,2025-06-09,Los Angeles,Southwest,Road,Carrier B,3.14,550.7,941.1,2,1,-1,1180.81,6.4,1,0,5.0
1037,2025-12-16,Newark,Northeast,Air,Carrier A,11.04,1448.3,841.5,1,1,0,3915.26,12.8,1,0,5.0
1038,2025-10-12,Dallas,Northeast,Road,Carrier B,1.58,229.7,714.4,2,2,0,958.94,16.8,1,0,4.62
1039,2025-01-10,Seattle,Northeast,Road,Carrier B,4.71,513.8,693.2,2,1,-1,980.09,14.1,1,0,5.0
1040,2025-02-23,Los Angeles,Southeast,Road,Carrier D,2.35,491.7,613.2,1,1,0,832.04,13.3,1,0,4.73
1041,2025-06-18,Dallas,International,Sea,Carrier B,1.07,124.6,5694.9,17,19,2,1584.89,9.6,0,0,4.04
1042,2025-01-18,Atlanta,Northeast,Road,Carrier A,7.51,714.6,201.3,2,2,0,397.8,7.6,1,0,4.61
1043,2025-10-31,Los Angeles,Midwest,Road,Carrier A,4.38,357.1,650.1,2,1,-1,873.74,9.4,1,0,5.0
1044,2025-10-04,Seattle,Midwest,Road,Carrier C,3.72,481.3,318.7,2,2,0,449.03,4.3,1,1,3.48
1045,2025-10-12,Atlanta,Northeast,Air,Carrier D,3.46,728.4,749.1,1,1,0,3062.1,16.2,1,0,4.77
1046,2025-01-31,Newark,Southeast,Rail,Carrier B,3.99,861.9,1034.3,3,3,0,783.44,16.6,1,1,2.6
1047,2025-02-12,Los Angeles,Southeast,Sea,Carrier D,2.57,533.0,1199.7,5,7,2,399.0,9.3,0,0,3.8
1048,2025-12-21,Seattle,Midwest,Road,Carrier B,3.12,659.1,450.6,2,3,1,676.06,4.9,0,0,5.0
1049,2025-12-02,Chicago,Southeast,Road,Carrier B,2.72,449.3,1001.4,2,3,1,1491.18,14.3,0,0,3.58
1050,2025-08-16,Chicago,International,Sea,Carrier C,2.78,510.9,5422.2,17,19,2,1656.1,16.4,0,0,4.41
1051,2025-07-21,Newark,Southwest,Road,Carrier D,6.06,1021.7,1217.4,3,3,0,1721.05,16.2,1,0,4.18
1052,2025-07-05,Dallas,Northeast,Sea,Carrier C,3.88,437.0,928.2,4,3,-1,348.92,11.8,1,0,4.9
1053,2025-05-14,Newark,Southwest,Road,Carrier D,1.65,267.7,1086.9,3,3,0,1368.2,10.9,1,0,4.68
1054,2025-06-17,Dallas,Southeast,Road,Carrier A,5.24,832.6,887.0,2,2,0,1230.66,12.3,1,1,4.39
1055,2025-06-01,Seattle,West,Air,Carrier D,0.58,50.3,1338.8,1,1,0,4754.76,4.2,1,0,4.95
1056,2025-04-14,Los Angeles,Midwest,Rail,Carrier A,4.14,576.2,498.6,2,3,1,388.1,6.3,0,0,4.78
1057,2025-09-12,Chicago,International,Air,Carrier A,2.51,253.7,6325.5,3,2,-1,23152.34,7.4,1,0,4.95
1058,2025-03-15,Chicago,Midwest,Air,Carrier B,3.51,738.8,598.2,1,1,0,2420.93,14.0,1,0,4.54
1059,2025-05-15,Chicago,Northeast,Air,Carrier A,2.38,323.3,578.2,1,1,0,2183.31,8.2,1,0,4.64
1060,2025-10-22,Newark,Southwest,Road,Carrier A,4.76,407.9,1521.3,4,4,0,1835.78,4.0,1,0,4.36
1061,2025-09-08,Newark,International,Sea,Carrier B,4.95,971.3,4062.3,12,16,4,1228.36,7.9,0,0,4.5
1062,2025-12-19,Seattle,West,Road,Carrier A,3.0,563.3,1304.9,3,4,1,1970.13,16.6,0,0,5.0
1063,2025-09-29,Los Angeles,Northeast,Rail,Carrier B,3.04,555.7,483.5,2,1,-1,397.96,17.3,1,0,4.48
1064,2025-09-06,Chicago,Northeast,Road,Carrier A,4.18,650.3,896.3,2,1,-1,1171.93,8.4,1,0,4.7
1065,2025-08-27,Los Angeles,Northeast,Road,Carrier D,3.12,660.1,1244.2,3,3,0,1675.84,15.7,1,0,4.84
1066,2025-11-25,Seattle,Southeast,Rail,Carrier D,2.41,212.1,374.8,2,5,3,311.54,10.0,0,0,4.2
1067,2025-05-25,Newark,Southeast,Road,Carrier A,0.76,76.8,811.6,2,2,0,1060.54,16.8,1,0,5.0
1068,2025-04-20,Seattle,Midwest,Air,Carrier B,3.29,374.9,364.8,1,1,0,1424.81,8.9,1,0,4.96
1069,2025-02-12,Los Angeles,Southeast,Rail,Carrier C,1.74,185.0,1051.9,4,3,-1,687.0,11.9,1,0,5.0
1070,2025-05-31,Los Angeles,Midwest,Air,Carrier D,2.9,435.4,613.1,1,1,0,2508.92,16.7,1,0,5.0
1071,2025-08-03,Newark,Midwest,Road,Carrier A,3.04,405.0,544.7,1,1,0,746.09,12.2,1,0,4.85
1072,2025-05-10,Atlanta,Northeast,Road,Carrier D,7.13,779.9,658.4,2,2,0,985.9,13.3,1,0,5.0
1073,2025-02-26,Dallas,Midwest,Sea,Carrier D,0.23,32.1,714.0,3,8,5,196.57,7.1,0,0,3.49
1074,2025-04-22,Newark,Southwest,Road,Carrier B,2.93,434.9,991.2,2,2,0,1300.61,12.5,1,0,5.0
1075,2025-01-01,Newark,Midwest,Sea,Carrier A,4.24,423.8,561.2,2,4,2,239.86,6.6,0,0,3.91
1076,2025-09-04,Newark,West,Road,Carrier B,0.61,86.7,1661.5,4,3,-1,2067.53,12.3,1,0,5.0
1077,2025-08-22,Atlanta,Southeast,Road,Carrier C,4.29,524.5,387.1,1,1,0,544.21,5.4,1,0,4.47
1078,2025-02-08,Los Angeles,International,Sea,Carrier A,10.29,1234.4,6493.5,20,21,1,2065.74,12.3,0,0,4.91
1079,2025-04-30,Chicago,International,Sea,Carrier D,1.25,141.0,5855.4,17,18,1,1649.09,10.7,0,1,3.63
1080,2025-01-17,Dallas,Northeast,Sea,Carrier C,5.15,800.3,602.2,3,5,2,298.95,11.6,0,0,3.87
1081,2025-10-09,Dallas,West,Sea,Carrier B,3.25,601.3,604.4,3,1,-2,261.37,13.7,1,0,4.43
1082,2025-04-14,Seattle,Southwest,Road,Carrier C,2.2,303.7,641.5,2,2,0,793.76,5.3,1,0,5.0
1083,2025-07-07,Newark,Midwest,Sea,Carrier C,2.31,411.6,601.8,3,8,5,234.97,14.2,0,0,2.74
1084,2025-02-23,Dallas,Northeast,Road,Carrier D,4.85,1065.1,846.1,2,1,-1,1150.77,8.9,1,0,5.0
1085,2025-06-05,Chicago,Southeast,Road,Carrier A,2.57,262.4,584.5,2,3,1,729.44,5.0,0,0,4.48
1086,2025-10-12,Chicago,Southeast,Air,Carrier B,2.64,514.5,682.7,2,2,0,2477.27,3.8,1,0,4.89
1087,2025-11-20,Newark,Southeast,Air,Carrier C,4.0,366.5,969.5,1,2,1,4040.31,6.9,0,0,3.89
1088,2025-08-25,Newark,Southeast,Road,Carrier A,7.37,1101.2,966.0,3,3,0,1436.99,17.0,1,0,5.0
1089,2025-05-05,Chicago,Midwest,Air,Carrier C,1.03,178.5,476.9,1,1,0,1767.78,7.4,1,0,5.0
1090,2025-01-24,Los Angeles,Northeast,Road,Carrier A,3.56,566.4,808.3,2,2,0,1047.63,7.9,1,0,5.0
1091,2025-05-20,Seattle,Midwest,Road,Carrier D,1.94,204.0,500.4,2,3,1,638.07,8.2,0,0,4.2
1092,2025-10-12,Los Angeles,Northeast,Road,Carrier D,4.71,825.6,481.1,2,1,-1,685.99,7.0,1,0,4.71
1093,2025-11-10,Los Angeles,Northeast,Sea,Carrier A,1.56,290.0,669.8,3,1,-2,256.69,11.6,1,0,4.76
1094,2025-11-17,Seattle,West,Sea,Carrier A,2.91,295.3,1308.4,5,3,-2,447.25,3.6,1,0,4.42
1095,2025-12-28,Dallas,Northeast,Road,Carrier A,2.1,425.8,579.4,2,4,2,812.4,5.1,0,0,3.57
1096,2025-02-07,Seattle,Southeast,Air,Carrier B,1.53,155.2,824.8,2,2,0,3149.95,11.1,1,0,5.0
1097,2025-08-06,Los Angeles,West,Air,Carrier A,7.6,1126.8,992.9,1,1,0,3656.31,3.1,1,0,5.0
1098,2025-04-18,Dallas,West,Road,Carrier C,2.26,456.9,1271.6,3,3,0,1572.07,8.0,1,0,5.0
1099,2025-03-26,Seattle,Midwest,Road,Carrier A,3.12,296.0,665.2,2,3,1,906.66,14.3,0,0,4.67
1100,2025-11-19,Newark,Midwest,Road,Carrier D,0.67,103.1,481.3,2,3,1,664.38,8.9,0,0,4.47
1101,2025-02-15,Chicago,Midwest,Sea,Carrier C,2.77,392.3,741.2,3,8,5,281.41,14.2,0,0,3.02
1102,2025-02-23,Dallas,Northeast,Rail,Carrier B,8.52,1648.2,861.9,3,2,-1,796.51,16.4,1,0,4.9
1103,2025-05-22,Los Angeles,Southeast,Air,Carrier D,1.04,193.8,949.8,1,2,1,3762.28,15.6,0,0,4.86
1104,2025-11-12,Chicago,International,Sea,Carrier C,2.18,307.8,7602.5,23,25,2,2333.22,6.9,0,0,4.27
1105,2025-07-26,Atlanta,Northeast,Air,Carrier D,0.33,45.0,943.6,2,2,0,3382.4,5.2,1,0,4.87
1106,2025-03-10,Los Angeles,Northeast,Road,Carrier C,3.31,668.2,904.7,2,3,1,1181.81,9.6,0,0,4.19
1107,2025-03-03,Newark,Midwest,Air,Carrier B,1.25,215.8,522.4,1,1,0,2056.66,13.9,1,0,5.0
1108,2025-08-22,Atlanta,Southeast,Sea,Carrier C,1.22,239.3,611.8,3,1,-2,202.62,10.6,1,0,4.47
1109,2025-10-03,Chicago,Southeast,Sea,Carrier B,3.22,283.0,935.9,3,1,-2,333.72,12.6,1,0,4.64
1110,2025-01-14,Atlanta,Midwest,Road,Carrier D,4.43,841.6,496.9,2,3,1,770.46,17.6,0,0,4.48
1111,2025-12-04,Los Angeles,Southeast,Air,Carrier B,2.59,279.0,809.0,1,3,2,3416.06,8.8,0,0,4.8
1112,2025-03-14,Atlanta,Midwest,Sea,Carrier B,3.35,667.9,445.0,3,1,-2,217.37,11.5,1,0,5.0
1113,2025-03-27,Atlanta,International,Sea,Carrier A,1.46,303.3,6633.0,20,22,2,1758.07,3.7,0,0,5.0
1114,2025-08-21,Newark,International,Rail,Carrier B,1.29,260.2,5385.7,12,12,0,3162.18,5.6,1,0,4.59
1115,2025-02-11,Atlanta,Southeast,Road,Carrier B,3.71,353.7,540.9,1,1,0,739.16,10.6,1,0,5.0
1116,2025-01-05,Los Angeles,Southwest,Air,Carrier A,1.48,168.4,524.2,1,1,0,1957.78,8.0,1,0,5.0
1117,2025-07-20,Newark,Northeast,Air,Carrier B,4.77,631.9,1024.2,1,1,0,4015.68,12.0,1,0,5.0
1118,2025-05-29,Dallas,Southwest,Road,Carrier C,1.47,247.9,1281.8,3,4,1,1577.29,9.2,0,0,5.0
1119,2025-07-11,Los Angeles,Northeast,Rail,Carrier C,5.71,875.8,966.8,3,2,-1,736.0,11.3,1,0,5.0
1120,2025-03-10,Seattle,Northeast,Air,Carrier D,2.18,272.6,900.7,1,1,0,3581.47,15.2,1,0,4.66
1121,2025-04-16,Chicago,International,Sea,Carrier C,9.5,1211.7,4249.2,13,10,-3,1415.95,11.9,1,0,4.85
1122,2025-04-11,Chicago,Southwest,Sea,Carrier A,1.61,225.4,748.3,3,1,-2,237.14,6.6,1,0,4.92
1123,2025-02-24,Atlanta,Northeast,Air,Carrier D,4.3,902.9,858.3,1,1,0,3560.71,17.6,1,0,5.0
1124,2025-11-17,Newark,Southeast,Sea,Carrier B,1.63,225.6,433.3,2,4,2,178.43,10.6,0,0,3.48
1125,2025-06-07,Newark,Southeast,Road,Carrier A,4.44,578.3,758.0,2,2,0,1089.2,17.2,1,0,4.89
1126,2025-02-04,Newark,Northeast,Road,Carrier B,2.38,495.8,994.7,2,2,0,1263.28,9.4,1,0,4.56
1127,2025-07-03,Dallas,Southwest,Air,Carrier A,7.2,713.6,967.8,2,1,-1,3781.03,10.1,1,0,5.0
1128,2025-02-24,Dallas,Southeast,Air,Carrier A,0.91,140.7,841.4,1,1,0,3083.35,7.0,1,0,4.82
1129,2025-07-05,Dallas,Southwest,Road,Carrier B,3.97,543.0,844.2,2,2,0,1190.04,17.2,1,0,4.7
1130,2025-04-10,Chicago,Southeast,Road,Carrier B,2.35,463.9,864.1,2,3,1,1129.11,11.9,0,0,4.64
1131,2025-03-01,Seattle,Southeast,Road,Carrier A,6.27,613.9,945.1,2,2,0,1277.2,9.7,1,0,5.0
1132,2025-05-10,Newark,Southwest,Road,Carrier D,0.85,85.9,873.2,3,4,1,1092.93,11.8,0,0,4.96
1133,2025-12-23,Newark,Midwest,Rail,Carrier C,1.56,161.2,447.9,1,2,1,359.57,15.6,0,0,4.58
1134,2025-08-06,Newark,West,Road,Carrier B,8.2,1242.4,1745.1,4,3,-1,2262.64,7.5,1,0,4.86
1135,2025-04-05,Chicago,Northeast,Road,Carrier A,2.22,270.9,572.4,2,1,-1,758.98,12.2,1,0,4.74
1136,2025-05-28,Atlanta,Southeast,Road,Carrier A,2.65,393.2,605.0,2,3,1,806.07,11.2,0,0,4.68
1137,2025-09-07,Los Angeles,Northeast,Rail,Carrier C,11.29,1597.9,875.2,3,6,3,764.31,4.6,0,0,4.08
1138,2025-10-18,Seattle,West,Air,Carrier A,2.94,397.5,1868.5,1,1,0,6840.29,6.6,1,0,5.0
1139,2025-03-28,Los Angeles,Southeast,Road,Carrier A,4.01,728.4,920.6,2,1,-1,1209.1,9.0,1,1,2.94
1140,2025-04-06,Dallas,Midwest,Sea,Carrier D,4.41,553.4,506.4,2,3,1,230.57,4.6,0,0,4.78
1141,2025-04-20,Los Angeles,West,Road,Carrier B,9.7,1887.6,1540.4,3,3,0,2071.73,7.1,1,0,5.0
1142,2025-12-03,Los Angeles,Southeast,Rail,Carrier C,1.48,156.3,1337.8,4,7,3,934.96,9.0,0,0,4.05
1143,2025-05-30,Atlanta,Southeast,Road,Carrier B,1.9,388.5,767.0,2,3,1,953.18,6.9,0,0,3.88
1144,2025-03-21,Los Angeles,Midwest,Air,Carrier C,1.62,164.0,602.3,1,1,0,2344.43,12.7,1,0,5.0
1145,2025-02-26,Dallas,Southwest,Road,Carrier A,2.52,430.6,1087.4,2,1,-1,1452.64,15.7,1,0,5.0
1146,2025-02-13,Newark,Southeast,Road,Carrier A,4.65,705.3,899.7,2,2,0,1128.61,3.1,1,0,4.5
1147,2025-02-03,Atlanta,Southeast,Rail,Carrier B,6.05,1149.1,1047.5,3,5,2,834.43,15.2,0,0,4.35
1148,2025-11-20,Atlanta,International,Air,Carrier A,4.04,735.6,5434.2,2,2,0,23465.1,12.8,1,0,4.86
1149,2025-06-12,Atlanta,Southwest,Air,Carrier B,1.83,160.5,879.8,1,1,0,3380.89,11.7,1,0,5.0
1150,2025-12-26,Seattle,Southwest,Road,Carrier B,2.67,325.0,1084.2,2,3,1,1506.58,7.7,0,0,5.0
1151,2025-08-11,Los Angeles,West,Road,Carrier A,3.4,297.5,1616.5,3,4,1,2076.41,12.6,0,0,4.6
1152,2025-09-26,Dallas,West,Road,Carrier B,3.17,350.2,1698.3,3,3,0,2234.69,15.6,1,0,4.78
1153,2025-08-18,Seattle,Southwest,Road,Carrier B,6.19,1273.9,1129.3,3,4,1,1546.99,10.6,0,0,5.0
1154,2025-02-17,Dallas,Midwest,Road,Carrier C,6.43,1097.8,516.3,2,2,0,799.83,11.2,1,0,5.0
1155,2025-06-29,Seattle,Southeast,Road,Carrier B,2.99,486.0,957.6,2,1,-1,1259.5,12.2,1,0,5.0
1156,2025-02-17,Los Angeles,Midwest,Road,Carrier B,1.25,154.5,568.1,2,1,-1,728.28,11.8,1,0,4.94
1157,2025-06-05,Chicago,Northeast,Air,Carrier D,7.05,1075.6,1235.5,1,1,0,4756.89,9.1,1,0,5.0
1158,2025-11-01,Seattle,Northeast,Rail,Carrier C,2.78,270.1,813.0,3,5,2,585.22,4.0,0,0,4.42
1159,2025-12-29,Seattle,Southwest,Road,Carrier B,2.54,525.2,926.0,3,4,1,1399.74,15.4,0,0,5.0
1160,2025-01-16,Seattle,Southwest,Road,Carrier B,3.38,740.7,1268.9,3,3,0,1535.46,3.5,1,0,4.82
1161,2025-12-24,Los Angeles,Southeast,Road,Carrier B,6.51,715.6,506.7,2,3,1,875.04,13.1,0,0,5.0
1162,2025-05-08,Chicago,Midwest,Road,Carrier A,7.45,1212.0,550.5,2,2,0,850.97,9.4,1,0,4.36
1163,2025-09-09,Dallas,Southwest,Road,Carrier A,4.41,394.9,1098.0,2,3,1,1513.55,17.0,0,0,4.29
1164,2025-06-22,Dallas,International,Sea,Carrier B,3.7,763.6,5267.6,16,19,3,1561.5,10.7,0,0,3.52
1165,2025-10-18,Atlanta,Northeast,Rail,Carrier C,5.13,601.8,922.4,2,2,0,705.82,14.9,1,0,4.64
1166,2025-04-08,Newark,Southeast,Road,Carrier B,1.25,177.3,788.4,3,3,0,939.53,5.0,1,0,5.0
1167,2025-11-30,Chicago,International,Air,Carrier C,3.95,466.5,6640.3,3,4,1,27967.2,10.2,0,0,4.6
1168,2025-09-12,Atlanta,Southwest,Rail,Carrier C,0.62,91.1,792.3,2,2,0,517.15,15.0,1,0,4.5
1169,2025-09-04,Seattle,Northeast,Air,Carrier C,4.07,493.9,945.9,1,1,0,3546.14,7.4,1,0,4.98
1170,2025-04-24,Los Angeles,Northeast,Rail,Carrier C,2.75,435.6,645.6,2,2,0,467.8,11.9,1,0,5.0
1171,2025-10-17,Chicago,Southeast,Rail,Carrier B,12.21,1596.8,1368.5,4,4,0,1179.26,16.1,1,0,5.0
1172,2025-12-18,Newark,Southeast,Road,Carrier B,4.2,657.7,1066.9,3,5,2,1528.52,7.5,0,0,4.3
1173,2025-08-09,Dallas,Southwest,Road,Carrier A,1.59,167.6,605.8,1,2,1,746.13,6.8,0,0,4.2
1174,2025-01-30,Seattle,Midwest,Road,Carrier B,2.21,348.6,554.7,1,1,0,738.65,11.8,1,0,5.0
1175,2025-10-08,Los Angeles,Southeast,Road,Carrier A,3.98,514.4,858.2,3,3,0,1143.59,11.1,1,0,4.71
1176,2025-10-25,Los Angeles,Southwest,Rail,Carrier C,7.23,1546.0,974.2,3,3,0,774.19,7.3,1,0,4.95
1177,2025-11-25,Los Angeles,Midwest,Air,Carrier A,1.24,178.8,676.7,1,2,1,2699.2,3.5,0,0,3.7
1178,2025-06-20,Chicago,Southwest,Road,Carrier A,3.85,844.7,975.6,2,2,0,1346.89,14.8,1,0,4.53
1179,2025-05-28,Los Angeles,Southeast,Air,Carrier A,9.34,1689.2,625.1,1,1,0,2758.66,17.4,1,0,5.0
1180,2025-09-02,Atlanta,Southeast,Road,Carrier A,4.03,766.7,987.8,2,2,0,1345.41,13.5,1,0,5.0
1181,2025-08-06,Los Angeles,Southwest,Air,Carrier D,5.14,582.7,868.8,1,1,0,3295.89,7.7,1,0,5.0
1182,2025-05-08,Seattle,International,Air,Carrier B,1.63,223.2,4469.8,3,3,0,16497.07,8.3,1,0,4.66
1183,2025-11-10,Los Angeles,Southeast,Road,Carrier A,2.08,350.1,783.9,3,5,2,1185.67,16.2,0,0,3.6
1184,2025-09-14,Los Angeles,Southeast,Road,Carrier A,5.22,1054.8,716.4,2,1,-1,979.69,6.6,1,0,4.65
1185,2025-01-30,Dallas,Northeast,Air,Carrier A,4.48,607.9,825.5,2,2,0,3031.9,4.4,1,0,5.0
1186,2025-01-13,Seattle,Southeast,Rail,Carrier D,1.47,164.3,915.5,3,4,1,627.27,17.5,0,0,4.81
1187,2025-08-02,Seattle,Midwest,Road,Carrier B,5.24,969.7,602.4,2,2,0,851.19,7.8,1,0,4.28
1188,2025-04-14,Atlanta,West,Air,Carrier B,1.7,365.0,1323.1,2,2,0,4751.09,4.6,1,0,5.0
1189,2025-12-06,Seattle,Midwest,Road,Carrier B,2.99,497.4,540.5,2,2,0,828.88,11.4,1,0,4.94
1190,2025-12-18,Dallas,Southwest,Rail,Carrier B,3.18,624.0,823.0,2,4,2,613.24,3.0,0,0,3.99
1191,2025-07-11,Los Angeles,Midwest,Rail,Carrier B,3.18,524.7,722.9,3,1,-2,486.08,3.1,1,0,4.43
1192,2025-04-08,Seattle,West,Road,Carrier A,5.49,908.8,1156.3,2,1,-1,1444.56,3.2,1,0,4.74
1193,2025-04-09,Seattle,West,Road,Carrier B,10.15,1713.6,1142.7,2,3,1,1686.31,12.8,0,0,4.96
1194,2025-03-22,Los Angeles,Southeast,Road,Carrier A,6.55,731.5,1017.4,3,3,0,1473.41,17.5,1,0,4.77
1195,2025-02-18,Newark,Southwest,Road,Carrier A,5.61,731.5,713.6,2,3,1,962.82,6.3,0,0,4.93
1196,2025-11-23,Los Angeles,West,Air,Carrier B,5.08,1021.1,1153.7,2,3,1,5338.71,17.7,0,0,5.0
1197,2025-03-24,Newark,International,Air,Carrier C,6.42,953.2,7047.6,2,1,-1,26082.41,8.2,1,0,4.93
1198,2025-04-29,Chicago,Northeast,Road,Carrier B,3.94,796.1,615.1,2,2,0,814.33,5.0,1,0,4.2
1199,2025-04-08,Atlanta,International,Sea,Carrier B,1.99,281.5,2213.7,8,13,5,695.3,16.4,0,0,3.14
1200,2025-03-23,Newark,Midwest,Road,Carrier A,2.53,484.7,501.6,2,2,0,665.5,8.4,1,0,5.0
1201,2025-07-31,Atlanta,Southwest,Road,Carrier A,6.34,852.6,828.2,2,2,0,1219.72,16.3,1,0,4.95
1202,2025-06-30,Seattle,Midwest,Sea,Carrier C,0.43,85.6,446.6,3,3,0,134.85,10.2,1,0,4.31
1203,2025-08-23,Atlanta,International,Sea,Carrier A,5.81,1030.3,8378.5,25,23,-2,2483.51,11.2,1,0,4.93
1204,2025-06-27,Dallas,Southwest,Road,Carrier D,1.29,177.3,1673.9,4,4,0,2127.46,13.8,1,0,4.47
1205,2025-12-17,Dallas,West,Air,Carrier A,7.24,1078.4,1894.8,2,3,1,7892.86,6.7,0,0,4.66
1206,2025-08-28,Seattle,International,Sea,Carrier C,7.85,1227.8,5955.7,18,17,-1,1901.57,14.0,1,0,4.65
1207,2025-09-24,Dallas,Northeast,Rail,Carrier B,3.63,769.1,1172.8,3,4,1,859.65,16.5,0,0,4.71
1208,2025-01-01,Newark,Northeast,Road,Carrier B,2.01,320.5,855.1,2,2,0,1124.83,14.0,1,0,5.0
1209,2025-02-21,Atlanta,International,Rail,Carrier A,6.56,1297.6,5988.6,13,15,2,3982.53,15.2,0,0,4.01
1210,2025-01-25,Chicago,Northeast,Rail,Carrier A,9.7,1774.3,736.7,2,4,2,660.54,3.3,0,0,4.0
1211,2025-04-01,Dallas,Southwest,Rail,Carrier A,1.74,370.6,1160.5,4,3,-1,749.14,9.7,1,0,5.0
1212,2025-06-14,Los Angeles,Midwest,Road,Carrier A,2.89,344.5,395.6,2,1,-1,536.48,8.2,1,0,5.0
1213,2025-10-31,Seattle,International,Sea,Carrier A,6.78,1214.9,5402.1,16,17,1,1767.06,16.8,0,0,4.59
1214,2025-12-26,Seattle,International,Sea,Carrier C,3.04,462.4,7300.2,22,20,-2,2191.06,3.3,1,0,4.75
1215,2025-03-21,Newark,Midwest,Rail,Carrier A,4.53,522.6,543.5,2,2,0,457.04,16.3,1,0,5.0
1216,2025-08-29,Los Angeles,Northeast,Road,Carrier A,3.73,795.1,846.1,2,3,1,1129.02,10.0,0,0,4.11
1217,2025-05-15,Los Angeles,Southeast,Sea,Carrier C,4.73,569.6,912.6,3,4,1,354.07,8.1,0,0,4.84
1218,2025-06-05,Chicago,West,Road,Carrier A,3.46,588.0,907.9,2,1,-1,1138.4,5.4,1,0,5.0
1219,2025-12-27,Seattle,Southeast,Road,Carrier C,7.34,1397.6,864.4,2,3,1,1341.34,5.9,0,0,4.98
1220,2025-08-24,Newark,Southeast,Air,Carrier B,2.27,376.3,1114.6,1,1,0,4050.0,5.4,1,0,4.79
1221,2025-09-23,Newark,West,Road,Carrier D,2.05,340.7,1780.3,3,3,0,2232.86,11.3,1,0,5.0
1222,2025-06-14,Los Angeles,Midwest,Air,Carrier B,3.03,550.3,305.7,1,1,0,1174.7,5.6,1,0,5.0
1223,2025-03-11,Los Angeles,International,Sea,Carrier A,3.77,436.2,5936.7,18,15,-3,1650.03,5.6,1,0,4.99
1224,2025-07-28,Dallas,Northeast,Air,Carrier A,4.57,406.4,587.4,1,1,0,2338.22,12.1,1,0,5.0
1225,2025-09-06,Seattle,Southeast,Road,Carrier C,0.52,54.5,786.4,3,3,0,1027.14,17.3,1,0,5.0
1226,2025-05-04,Los Angeles,Midwest,Road,Carrier A,2.77,499.8,411.8,2,1,-1,535.67,3.1,1,0,4.92
1227,2025-09-17,Chicago,Southeast,Rail,Carrier C,2.82,502.3,526.7,2,3,1,376.78,5.5,0,0,4.63
1228,2025-08-25,Newark,West,Road,Carrier A,0.4,34.3,1446.8,4,4,0,1704.7,6.6,1,0,5.0
1229,2025-08-17,Atlanta,Southeast,Road,Carrier C,2.44,377.8,1382.3,3,4,1,1804.55,14.5,0,0,4.66
1230,2025-11-11,Newark,International,Air,Carrier A,3.78,576.3,4972.9,2,3,1,22173.14,16.5,0,1,2.87
1231,2025-06-11,Los Angeles,International,Sea,Carrier B,12.7,1049.4,4306.6,13,12,-1,1518.94,15.1,1,0,4.51
1232,2025-11-27,Chicago,West,Rail,Carrier A,1.1,97.1,983.1,3,4,1,684.2,8.7,0,0,4.5
1233,2025-11-24,Atlanta,West,Air,Carrier B,7.83,1256.8,946.8,1,2,1,4248.83,11.6,0,0,3.94
1234,2025-01-02,Dallas,West,Road,Carrier A,2.37,296.5,1700.8,4,2,-2,2134.45,11.1,1,0,4.63
1235,2025-08-21,Dallas,International,Sea,Carrier A,7.68,783.2,4571.1,14,12,-2,1345.12,3.7,1,0,5.0
1236,2025-05-27,Los Angeles,Northeast,Rail,Carrier B,2.66,224.9,1032.6,3,5,2,695.19,12.3,0,0,4.34
1237,2025-08-20,Los Angeles,Southwest,Rail,Carrier B,2.22,466.5,825.4,3,4,1,539.65,5.7,0,0,4.28
1238,2025-04-23,Los Angeles,Midwest,Sea,Carrier A,2.91,524.0,583.7,3,1,-2,244.66,13.4,1,0,5.0
1239,2025-09-24,Atlanta,Southwest,Air,Carrier A,8.68,1281.1,934.3,2,1,-1,3721.28,10.4,1,0,5.0
1240,2025-06-07,Newark,International,Sea,Carrier D,2.46,473.6,5102.1,16,14,-2,1491.07,11.6,1,0,5.0
1241,2025-09-04,Dallas,Northeast,Road,Carrier A,5.92,769.6,516.0,2,3,1,817.95,17.7,0,0,5.0
1242,2025-11-25,Atlanta,Northeast,Road,Carrier D,2.94,352.2,674.1,2,4,2,1052.59,17.0,0,0,4.53
1243,2025-12-19,Newark,West,Road,Carrier C,2.88,629.9,1343.9,3,4,1,1904.63,9.5,0,0,4.17
1244,2025-01-29,Atlanta,Northeast,Air,Carrier B,3.16,338.0,572.3,1,1,0,2327.8,15.8,1,0,5.0
1245,2025-09-19,Chicago,Northeast,Air,Carrier B,4.23,700.4,764.8,2,1,-1,3017.17,11.8,1,0,4.64
1246,2025-03-04,Los Angeles,Northeast,Road,Carrier A,2.4,472.9,958.2,2,1,-1,1250.64,12.3,1,0,4.6
1247,2025-05-27,Seattle,Southwest,Sea,Carrier B,1.98,356.3,1291.0,4,2,-2,398.77,7.7,1,0,5.0
1248,2025-06-23,Los Angeles,Southwest,Air,Carrier D,2.78,277.6,1220.4,1,1,0,4604.59,9.5,1,0,4.26
1249,2025-08-22,Newark,West,Rail,Carrier A,2.69,440.5,2020.6,5,4,-1,1240.56,5.7,1,0,4.58
1250,2025-11-12,Dallas,Southeast,Road,Carrier B,8.04,1397.8,861.5,2,3,1,1483.7,16.4,0,0,4.56
1251,2025-04-15,Los Angeles,Southwest,Air,Carrier C,1.43,229.0,933.0,1,1,0,3458.25,7.9,1,0,4.63
1252,2025-01-28,Chicago,Northeast,Road,Carrier A,1.13,146.2,1085.9,2,3,1,1400.46,14.9,0,0,4.52
1253,2025-09-17,Chicago,West,Road,Carrier D,0.85,179.2,1362.2,3,3,0,1736.12,14.2,1,0,5.0
1254,2025-06-16,Chicago,West,Road,Carrier C,2.85,515.6,1376.4,3,4,1,1865.88,17.9,0,0,4.55
1255,2025-08-25,Atlanta,Midwest,Road,Carrier D,2.81,425.8,336.7,2,2,0,461.06,6.3,1,0,5.0
1256,2025-06-20,Seattle,Southwest,Sea,Carrier A,1.66,153.6,1111.6,4,4,0,357.97,15.3,1,0,4.57
1257,2025-08-04,Los Angeles,International,Sea,Carrier C,7.3,944.3,6235.8,19,20,1,1789.42,4.3,0,0,4.62
1258,2025-03-09,Dallas,Southeast,Rail,Carrier B,2.02,382.6,1125.8,3,2,-1,714.77,6.9,1,0,4.53
1259,2025-06-13,Newark,Southwest,Rail,Carrier B,1.26,269.7,1088.0,3,1,-2,669.24,6.1,1,0,5.0
1260,2025-03-29,Chicago,West,Road,Carrier D,5.26,616.8,1702.4,3,4,1,2305.5,16.3,0,0,4.2
1261,2025-03-04,Los Angeles,Northeast,Road,Carrier A,0.75,93.4,871.7,2,3,1,1141.4,17.1,0,0,4.98
1262,2025-03-29,Chicago,Southwest,Air,Carrier D,3.8,649.9,884.1,1,2,1,3290.35,6.3,0,0,3.7
1263,2025-12-22,Los Angeles,Southeast,Road,Carrier A,3.17,290.4,1043.5,2,4,2,1448.5,6.9,0,0,4.46
1264,2025-08-20,Seattle,Southwest,Road,Carrier A,3.5,430.3,1449.1,3,4,1,1738.05,4.2,0,0,4.29
1265,2025-08-05,Newark,Midwest,Rail,Carrier A,4.83,803.4,521.6,2,1,-1,426.31,6.7,1,0,4.95
1266,2025-08-08,Chicago,Northeast,Sea,Carrier C,7.24,1367.1,970.8,4,1,-3,441.84,5.3,1,0,5.0
1267,2025-03-16,Atlanta,Midwest,Road,Carrier D,7.14,650.2,380.2,2,2,0,633.11,13.5,1,0,5.0
1268,2025-01-20,Newark,Southeast,Sea,Carrier A,4.43,530.7,658.3,3,2,-1,294.58,14.4,1,0,5.0
1269,2025-09-17,Dallas,Northeast,Sea,Carrier B,1.9,338.4,1050.3,4,10,6,347.69,12.9,0,0,2.31
1270,2025-04-30,Seattle,Southwest,Sea,Carrier C,1.47,131.3,903.8,3,1,-2,287.71,13.0,1,0,4.46
1271,2025-04-10,Los Angeles,Southeast,Air,Carrier C,9.57,1316.4,824.8,1,2,1,3312.16,9.9,0,0,5.0
1272,2025-10-11,Los Angeles,Southeast,Road,Carrier A,4.61,951.2,713.8,2,2,0,955.12,5.9,1,0,4.88
1273,2025-07-12,Atlanta,International,Sea,Carrier C,1.27,143.1,6170.8,19,16,-3,1782.28,13.6,1,0,5.0
1274,2025-03-27,Los Angeles,Northeast,Sea,Carrier D,3.53,743.4,895.2,4,2,-2,353.72,12.7,1,0,4.61
1275,2025-04-01,Los Angeles,Southeast,Road,Carrier D,6.37,1039.5,823.2,2,2,0,1128.89,7.2,1,0,5.0
1276,2025-09-26,Chicago,Southwest,Rail,Carrier A,2.04,239.3,1299.4,3,3,0,820.02,8.3,1,0,5.0
1277,2025-07-26,Los Angeles,West,Rail,Carrier D,1.14,177.9,1395.7,3,4,1,893.53,12.6,0,0,5.0
1278,2025-05-31,Chicago,Midwest,Sea,Carrier A,0.67,111.1,553.0,3,7,4,179.63,16.7,0,0,3.61
1279,2025-06-25,Seattle,Midwest,Road,Carrier A,4.12,539.3,333.4,1,1,0,527.0,15.7,1,0,4.25
1280,2025-04-19,Seattle,Southwest,Road,Carrier C,3.66,543.2,838.2,2,2,0,1159.69,15.5,1,0,5.0
1281,2025-09-20,Chicago,West,Road,Carrier C,1.53,255.4,823.7,2,3,1,1027.52,9.1,0,0,5.0
1282,2025-02-27,Newark,Northeast,Road,Carrier B,5.18,977.1,829.5,3,1,-2,1208.3,16.3,1,0,4.5
1283,2025-05-14,Atlanta,International,Sea,Carrier C,1.93,322.1,7371.9,22,23,1,1976.82,4.7,0,0,4.32
1284,2025-11-17,Atlanta,Southwest,Air,Carrier B,1.48,171.7,1108.7,2,3,1,4592.69,7.9,0,0,4.44
1285,2025-06-12,Atlanta,Southeast,Rail,Carrier D,2.65,571.4,1190.9,4,4,0,802.95,11.0,1,1,3.33
1286,2025-06-30,Los Angeles,International,Rail,Carrier D,2.59,514.9,5808.6,13,14,1,3601.56,10.5,0,0,4.67
1287,2025-09-08,Seattle,Southeast,Sea,Carrier B,3.1,679.1,434.2,2,1,-1,216.16,14.4,1,0,4.82
1288,2025-05-09,Dallas,Southeast,Road,Carrier C,1.66,269.2,747.4,2,1,-1,1000.81,16.3,1,0,4.69
1289,2025-12-11,Seattle,Southeast,Air,Carrier C,4.18,668.7,1205.3,1,2,1,5387.8,14.7,0,0,4.87
1290,2025-02-16,Dallas,Midwest,Road,Carrier A,3.81,381.8,563.8,2,2,0,779.29,11.9,1,0,5.0
1291,2025-05-25,Newark,International,Sea,Carrier B,3.83,831.8,7006.5,21,20,-1,2022.86,9.3,1,0,5.0
1292,2025-05-12,Atlanta,Southeast,Road,Carrier C,3.27,294.4,998.3,2,2,0,1218.86,4.9,1,0,4.85
1293,2025-08-28,Chicago,Southeast,Road,Carrier D,8.18,1603.7,1130.3,3,4,1,1605.34,11.0,0,0,4.72
1294,2025-10-08,Los Angeles,Midwest,Sea,Carrier A,2.71,573.6,570.9,3,3,0,238.97,12.7,1,0,5.0
1295,2025-08-31,Los Angeles,Southwest,Sea,Carrier C,1.08,205.3,962.5,3,1,-2,298.39,11.7,1,0,4.79
1296,2025-12-27,Dallas,Southeast,Rail,Carrier A,2.88,512.7,812.2,2,2,0,595.37,3.1,1,0,4.9
1297,2025-02-15,Los Angeles,Southeast,Rail,Carrier C,1.46,136.0,1190.3,3,3,0,759.28,11.1,1,0,3.71
1298,2025-10-19,Newark,Midwest,Rail,Carrier C,10.8,1611.5,487.0,2,3,1,544.64,6.7,0,0,4.39
1299,2025-07-12,Seattle,Southwest,Air,Carrier B,3.38,311.1,766.6,1,1,0,3049.68,14.1,1,0,5.0
1300,2025-01-13,Atlanta,Southwest,Road,Carrier A,9.26,1387.9,665.5,2,3,1,1070.04,13.8,0,0,4.3
1301,2025-09-01,Atlanta,Midwest,Air,Carrier A,2.71,591.6,578.6,1,1,0,2251.54,10.5,1,0,5.0
1302,2025-07-19,Los Angeles,Midwest,Road,Carrier B,1.08,220.1,506.6,2,2,0,669.23,14.5,1,0,5.0
1303,2025-12-01,Los Angeles,Northeast,Road,Carrier B,6.52,1325.6,858.8,2,4,2,1411.87,13.7,0,0,4.15
1304,2025-07-06,Los Angeles,Southwest,Air,Carrier D,2.53,340.6,1029.4,1,1,0,4141.56,16.5,1,0,4.7
1305,2025-06-29,Atlanta,Southeast,Air,Carrier C,1.09,223.1,709.6,1,1,0,2745.12,12.5,1,0,5.0
1306,2025-01-29,Atlanta,Southeast,Road,Carrier C,3.01,352.1,756.7,2,2,0,1049.16,17.2,1,0,5.0
1307,2025-01-04,Los Angeles,Midwest,Sea,Carrier A,1.23,186.2,659.7,3,6,3,202.51,5.1,0,0,3.14
1308,2025-01-30,Los Angeles,Northeast,Sea,Carrier D,3.47,311.3,470.0,2,2,0,216.09,16.7,1,0,4.75
1309,2025-01-04,Seattle,Northeast,Road,Carrier B,0.35,49.5,785.8,2,1,-1,1021.35,17.1,1,0,5.0
1310,2025-04-24,Seattle,International,Air,Carrier A,3.37,287.0,6057.1,3,3,0,21712.77,5.1,1,0,4.36
1311,2025-10-27,Atlanta,Northeast,Air,Carrier D,3.82,551.7,904.6,1,1,0,3423.04,8.3,1,0,5.0
1312,2025-10-22,Los Angeles,Southeast,Rail,Carrier B,6.46,968.6,931.1,2,1,-1,684.99,4.2,1,0,5.0
1313,2025-06-27,Dallas,Southwest,Sea,Carrier A,1.6,290.5,1241.0,5,1,-4,380.86,9.2,1,0,5.0
1314,2025-08-17,Dallas,International,Sea,Carrier D,5.87,573.4,9040.9,27,30,3,2550.52,7.3,0,0,4.53
1315,2025-12-09,Atlanta,West,Road,Carrier B,1.96,217.2,1467.3,3,4,1,1943.56,4.9,0,0,4.79
1316,2025-11-01,Dallas,Northeast,Rail,Carrier C,5.57,804.3,1019.3,3,3,0,840.89,9.7,1,0,5.0
1317,2025-12-03,Seattle,Southeast,Air,Carrier C,1.99,315.3,881.7,1,3,2,3936.85,15.5,0,0,3.4
1318,2025-06-20,Atlanta,International,Sea,Carrier B,2.85,546.6,7522.5,23,23,0,2015.12,3.3,1,0,5.0
1319,2025-07-30,Seattle,Northeast,Air,Carrier B,3.35,424.2,669.1,2,3,1,2576.56,9.8,0,0,4.55
1320,2025-05-14,Chicago,Southeast,Road,Carrier B,0.87,113.3,812.2,2,2,0,985.01,8.0,1,0,4.94
1321,2025-06-24,Newark,Northeast,Sea,Carrier D,4.72,944.7,1154.1,4,4,0,467.58,15.0,1,0,5.0
1322,2025-11-12,Dallas,Southwest,Road,Carrier D,2.82,496.0,952.3,2,3,1,1415.69,13.4,0,0,5.0
1323,2025-03-22,Seattle,Northeast,Road,Carrier A,1.56,215.6,608.0,2,1,-1,758.38,7.9,1,0,4.43
1324,2025-01-06,Atlanta,Midwest,Air,Carrier C,7.03,1421.9,579.4,1,1,0,2517.87,17.3,1,0,5.0
1325,2025-05-25,Atlanta,West,Road,Carrier C,0.49,82.4,873.8,2,2,0,1107.93,13.9,1,0,4.89
1326,2025-10-29,Dallas,Midwest,Road,Carrier C,6.52,873.9,527.0,1,1,0,836.52,16.0,1,0,5.0
1327,2025-10-30,Los Angeles,Northeast,Road,Carrier C,5.31,1031.6,623.5,2,2,0,915.1,12.0,1,1,3.07
1328,2025-03-13,Seattle,International,Sea,Carrier A,3.72,605.2,3293.2,11,10,-1,1041.22,14.5,1,0,5.0
1329,2025-07-20,Newark,International,Sea,Carrier A,0.55,53.1,6992.4,21,22,1,1869.82,6.3,0,0,4.82
1330,2025-07-06,Newark,Midwest,Road,Carrier B,1.96,198.5,340.1,2,3,1,426.29,3.1,0,0,4.69
1331,2025-03-05,Newark,International,Air,Carrier A,2.14,438.4,7240.5,3,3,0,25510.66,3.4,1,0,5.0
1332,2025-11-09,Dallas,Southeast,Air,Carrier A,5.02,737.6,619.6,1,2,1,2882.5,16.0,0,0,5.0
1333,2025-01-29,Seattle,Midwest,Road,Carrier B,1.82,192.3,292.2,2,2,0,415.99,16.1,1,0,5.0
1334,2025-07-25,Dallas,West,Rail,Carrier A,3.3,383.2,594.0,2,3,1,458.95,16.1,0,0,4.35
1335,2025-05-04,Chicago,Midwest,Air,Carrier B,1.87,382.8,351.9,1,1,0,1348.21,8.4,1,0,4.9
1336,2025-03-28,Chicago,International,Rail,Carrier A,1.36,226.5,6145.2,13,15,2,3950.66,15.8,0,0,4.07
1337,2025-06-22,Chicago,Southwest,Sea,Carrier B,2.87,551.6,1146.6,5,4,-1,419.81,17.5,1,0,5.0
1338,2025-08-12,Newark,Southeast,Road,Carrier D,3.11,654.6,589.9,2,1,-1,838.91,15.2,1,0,4.42
1339,2025-08-06,Seattle,Northeast,Air,Carrier D,0.95,200.1,691.6,2,3,1,2615.6,10.1,0,0,4.2
1340,2025-10-23,Seattle,Southeast,Sea,Carrier B,6.57,534.8,1156.6,4,7,3,468.38,13.0,0,0,3.48
1341,2025-06-21,Los Angeles,Northeast,Air,Carrier B,5.15,453.3,1142.7,1,1,0,4694.43,17.8,1,0,4.79
1342,2025-05-17,Seattle,Northeast,Road,Carrier A,10.62,1019.2,856.2,2,1,-1,1195.82,3.8,1,0,4.84
1343,2025-01-11,Dallas,Northeast,Rail,Carrier D,2.21,380.7,502.9,2,2,0,385.66,17.3,1,0,5.0
1344,2025-04-22,Los Angeles,Midwest,Road,Carrier A,2.78,302.0,532.1,2,3,1,725.63,13.0,0,0,4.14
1345,2025-06-09,Dallas,Northeast,Road,Carrier D,2.38,253.8,886.1,2,1,-1,1167.3,14.1,1,0,4.5
1346,2025-10-02,Seattle,Midwest,Road,Carrier A,6.74,734.2,532.6,2,2,0,772.9,6.8,1,0,5.0
1347,2025-05-19,Los Angeles,Midwest,Road,Carrier A,1.15,239.5,561.6,2,1,-1,687.67,6.3,1,0,5.0
1348,2025-02-23,Atlanta,Midwest,Air,Carrier B,8.73,1917.3,475.0,1,1,0,2014.96,9.4,1,0,4.46
1349,2025-12-20,Chicago,West,Road,Carrier A,6.31,865.3,1105.8,3,2,-1,1660.87,9.5,1,0,4.21
1350,2025-09-07,Los Angeles,Midwest,Air,Carrier B,4.21,338.7,342.1,1,1,0,1392.53,12.0,1,0,4.57
1351,2025-09-11,Seattle,Southeast,Road,Carrier C,2.13,171.5,884.9,2,1,-1,1092.06,7.7,1,0,5.0
1352,2025-04-22,Seattle,Midwest,Road,Carrier B,2.18,194.6,613.6,1,2,1,782.74,9.1,0,0,4.83
1353,2025-08-04,Seattle,Northeast,Air,Carrier A,4.27,449.8,569.3,1,2,1,2333.44,15.4,0,0,4.7
1354,2025-03-17,Dallas,Midwest,Sea,Carrier C,0.77,132.8,804.8,3,1,-2,248.58,13.3,1,0,5.0
1355,2025-11-05,Newark,International,Sea,Carrier A,7.66,799.9,5616.2,17,18,1,1948.56,11.6,0,0,4.42
1356,2025-02-22,Chicago,Southeast,Road,Carrier B,9.43,1941.5,297.3,2,2,0,664.55,17.5,1,0,5.0
1357,2025-04-06,Los Angeles,International,Sea,Carrier A,3.79,682.6,9254.7,28,27,-1,2594.62,7.9,1,0,5.0
1358,2025-11-06,Dallas,West,Road,Carrier D,4.15,521.0,558.9,2,3,1,843.39,7.1,0,1,2.79
1359,2025-01-17,Seattle,Midwest,Road,Carrier A,5.49,831.4,530.6,2,2,0,814.34,15.1,1,0,4.75
1360,2025-02-20,Atlanta,Northeast,Road,Carrier A,8.83,1394.7,809.5,2,2,0,1129.86,3.4,1,0,5.0
1361,2025-06-01,Los Angeles,West,Road,Carrier B,1.63,212.4,1774.2,4,2,-2,2326.38,17.1,1,0,4.98
1362,2025-09-09,Seattle,Southwest,Road,Carrier A,4.26,502.2,1049.5,3,3,0,1352.87,8.8,1,0,4.5
1363,2025-04-30,Atlanta,Southeast,Road,Carrier C,1.68,237.3,742.7,3,4,1,953.94,11.7,0,0,4.32
1364,2025-06-04,Atlanta,Southeast,Rail,Carrier A,5.66,618.5,1122.0,4,5,1,794.5,8.4,0,0,4.96
1365,2025-04-17,Dallas,Southwest,Road,Carrier B,2.08,206.9,596.7,2,1,-1,818.01,17.2,1,0,5.0
1366,2025-01-18,Chicago,International,Sea,Carrier C,1.34,116.0,4322.2,14,13,-1,1223.72,10.6,1,0,4.92
1367,2025-04-28,Chicago,Northeast,Road,Carrier A,1.45,258.9,772.4,2,2,0,924.13,4.5,1,0,5.0
1368,2025-02-20,Chicago,Northeast,Road,Carrier B,2.15,288.7,718.9,2,2,0,937.12,11.9,1,0,5.0
1369,2025-03-21,Los Angeles,International,Sea,Carrier C,1.39,159.9,7190.5,22,21,-1,1926.99,5.5,1,0,5.0
1370,2025-10-03,Seattle,International,Rail,Carrier B,3.74,551.1,3344.3,8,9,1,2155.68,12.1,0,0,4.61
1371,2025-09-30,Atlanta,International,Rail,Carrier D,0.1,10.7,6098.9,13,13,0,3594.74,7.1,1,0,4.85
1372,2025-05-06,Atlanta,Southeast,Rail,Carrier B,0.98,201.9,835.7,2,1,-1,537.72,11.0,1,0,4.81
1373,2025-03-20,Newark,West,Air,Carrier C,4.65,817.0,1364.2,2,2,0,4933.92,3.9,1,1,3.36
1374,2025-06-02,Atlanta,International,Sea,Carrier A,4.4,669.6,5327.2,16,19,3,1637.43,14.4,0,0,4.37
1375,2025-10-02,Seattle,Northeast,Road,Carrier C,4.5,376.6,738.6,3,3,0,1042.56,16.0,1,0,5.0
1376,2025-07-09,Seattle,Northeast,Road,Carrier A,2.4,434.8,840.6,2,1,-1,1143.44,16.4,1,0,5.0
1377,2025-11-08,Chicago,West,Air,Carrier A,1.8,373.3,1053.2,1,2,1,4443.52,9.4,0,0,5.0
1378,2025-09-10,Dallas,Southeast,Road,Carrier D,9.92,1829.9,743.3,2,2,0,1136.24,7.4,1,0,5.0
1379,2025-07-12,Newark,Midwest,Road,Carrier A,2.34,348.7,740.6,2,3,1,946.98,9.2,0,0,4.44
1380,2025-12-19,Los Angeles,Southeast,Rail,Carrier A,3.3,496.3,571.4,2,4,2,495.67,13.9,0,0,4.54
1381,2025-01-06,Seattle,Midwest,Road,Carrier B,1.22,120.0,361.3,2,2,0,463.44,9.9,1,0,5.0
1382,2025-04-11,Atlanta,Southwest,Sea,Carrier A,2.76,586.9,828.2,3,5,2,291.64,5.0,0,0,4.13
1383,2025-06-13,Los Angeles,Midwest,Road,Carrier B,4.21,623.9,446.2,2,2,0,689.27,17.8,1,0,5.0
1384,2025-07-16,Newark,International,Rail,Carrier C,4.58,938.6,4151.5,9,8,-1,2821.17,17.6,1,0,4.44
1385,2025-10-27,Atlanta,International,Sea,Carrier C,3.63,433.3,6735.1,20,21,1,1958.73,11.3,0,0,3.64
1386,2025-02-26,Atlanta,Northeast,Air,Carrier C,2.88,467.2,874.0,1,1,0,3326.71,9.5,1,0,5.0
1387,2025-01-20,Newark,Southeast,Rail,Carrier A,3.24,593.7,640.5,2,2,0,458.14,6.4,1,0,4.82
1388,2025-02-03,Seattle,West,Road,Carrier D,5.69,1172.2,1422.9,3,4,1,1820.17,6.5,0,0,4.7
1389,2025-03-24,Atlanta,Southeast,Road,Carrier A,2.04,378.6,1126.8,3,3,0,1447.49,12.3,1,0,4.84
1390,2025-12-26,Newark,Midwest,Road,Carrier A,3.04,383.0,532.4,2,2,0,751.86,3.2,1,0,5.0
1391,2025-02-25,Los Angeles,International,Sea,Carrier A,1.22,124.5,6796.5,20,17,-3,1777.13,3.1,1,0,5.0
1392,2025-01-28,Newark,Southeast,Air,Carrier D,5.02,760.2,597.3,1,2,1,2399.28,11.9,0,0,4.93
1393,2025-04-29,Seattle,West,Air,Carrier A,3.16,591.6,1098.6,1,1,0,4006.64,5.1,1,0,4.51
1394,2025-04-30,Atlanta,Northeast,Road,Carrier D,4.74,951.0,551.3,2,2,0,837.37,15.5,1,0,4.38
1395,2025-03-28,Atlanta,Midwest,Sea,Carrier A,1.5,299.4,560.7,2,1,-1,200.39,12.8,1,1,3.82
1396,2025-10-13,Atlanta,Southwest,Road,Carrier A,3.34,385.5,1314.1,3,3,0,1561.82,3.1,1,0,5.0
1397,2025-04-05,Chicago,International,Air,Carrier B,2.47,296.3,7236.2,2,2,0,27638.29,12.1,1,0,5.0
1398,2025-07-02,Atlanta,West,Road,Carrier C,1.61,253.3,1832.9,4,3,-1,2383.53,16.1,1,0,4.96
1399,2025-12-11,Chicago,Northeast,Road,Carrier D,4.39,887.8,518.9,1,1,0,807.71,5.9,1,0,5.0
1400,2025-11-18,Chicago,International,Sea,Carrier C,5.07,671.7,6030.0,18,22,4,1985.07,9.6,0,0,3.24
1401,2025-12-18,Los Angeles,Midwest,Rail,Carrier A,7.03,852.5,532.6,2,1,-1,576.81,16.8,1,0,5.0
1402,2025-08-23,Los Angeles,Midwest,Rail,Carrier B,2.72,402.2,489.5,2,1,-1,367.73,11.4,1,0,5.0
1403,2025-05-24,Dallas,Southeast,Road,Carrier C,13.22,1443.3,906.9,3,2,-1,1459.61,15.1,1,0,4.33
1404,2025-08-22,Newark,International,Sea,Carrier B,8.16,1605.7,4752.5,14,18,4,1443.67,3.8,0,0,3.03
1405,2025-12-29,Dallas,Northeast,Air,Carrier A,3.07,614.9,603.9,2,2,0,2690.97,12.8,1,0,5.0
1406,2025-06-28,Newark,Southeast,Sea,Carrier C,2.29,473.4,1228.7,5,1,-4,416.37,14.0,1,1,4.14
1407,2025-06-10,Seattle,Northeast,Road,Carrier A,7.33,1208.2,977.5,2,2,0,1347.65,8.2,1,0,5.0
1408,2025-05-04,Newark,Southeast,Rail,Carrier C,8.3,1134.7,886.4,2,3,1,749.0,12.0,0,0,4.41
1409,2025-02-01,Dallas,Midwest,Road,Carrier C,1.1,127.1,152.0,1,1,0,214.68,12.9,1,0,5.0
1410,2025-05-10,Newark,Southwest,Sea,Carrier B,6.87,1190.2,1407.3,5,5,0,570.97,11.0,1,0,4.84
1411,2025-09-13,Dallas,Southwest,Road,Carrier A,1.47,263.2,823.0,3,1,-2,1009.11,7.3,1,0,5.0
1412,2025-11-11,Atlanta,Northeast,Air,Carrier C,9.0,1032.8,863.9,1,2,1,3701.75,5.8,0,0,4.25
1413,2025-04-05,Newark,Midwest,Road,Carrier D,0.48,47.9,675.9,2,2,0,781.74,3.8,1,0,5.0
1414,2025-04-05,Chicago,West,Air,Carrier B,5.35,679.6,2332.2,1,1,0,8831.97,9.8,1,0,4.52
1415,2025-08-13,Atlanta,Midwest,Road,Carrier D,10.51,1103.5,313.8,1,1,0,615.98,10.4,1,0,5.0
1416,2025-05-17,Dallas,Southeast,Air,Carrier A,3.62,473.6,893.9,1,1,0,3634.61,16.6,1,0,4.62
1417,2025-12-23,Dallas,Midwest,Road,Carrier B,3.62,486.7,468.2,1,3,2,777.94,17.0,0,0,4.43
1418,2025-11-27,Chicago,Southwest,Road,Carrier B,2.85,265.4,1241.7,3,4,1,1724.76,8.3,0,0,4.53
1419,2025-10-21,Los Angeles,Northeast,Road,Carrier C,4.85,922.2,753.8,2,3,1,1114.92,17.6,0,0,4.93
1420,2025-12-02,Dallas,Northeast,Road,Carrier B,3.92,682.3,813.5,2,3,1,1168.2,5.6,0,0,5.0
1421,2025-01-04,Chicago,Southeast,Road,Carrier B,0.14,17.1,778.0,2,1,-1,991.9,15.5,1,0,5.0
1422,2025-07-19,Chicago,International,Rail,Carrier D,8.01,1383.9,4575.6,11,12,1,2919.62,7.9,0,0,4.72
1423,2025-12-08,Seattle,Northeast,Road,Carrier D,0.53,82.5,1163.0,3,3,0,1593.89,10.2,1,0,4.56
1424,2025-04-10,Dallas,Southwest,Sea,Carrier A,11.28,1761.4,727.3,3,4,1,470.29,7.1,0,0,5.0
1425,2025-12-08,Newark,Southwest,Road,Carrier B,1.01,184.7,748.1,2,4,2,1105.6,16.5,0,0,4.34
1426,2025-08-09,Dallas,West,Rail,Carrier A,3.22,417.0,1712.2,4,3,-1,1083.7,7.2,1,0,4.95
1427,2025-04-30,Newark,Southeast,Road,Carrier B,7.09,1212.2,936.4,2,2,0,1410.07,17.8,1,0,4.77
1428,2025-06-26,Newark,Midwest,Air,Carrier D,1.69,166.9,564.7,1,1,0,2268.33,16.1,1,0,5.0
1429,2025-07-04,Atlanta,Southwest,Rail,Carrier D,1.19,182.9,1360.9,4,2,-2,904.25,16.6,1,0,5.0
1430,2025-02-17,Chicago,West,Road,Carrier B,1.5,183.5,1546.8,3,5,2,1863.11,7.5,0,0,4.29
1431,2025-04-27,Atlanta,Midwest,Sea,Carrier D,3.04,332.5,532.2,2,1,-1,223.48,14.4,1,0,4.48
1432,2025-03-17,Los Angeles,Southeast,Sea,Carrier D,0.68,79.6,939.6,4,3,-1,275.8,10.7,1,0,5.0
1433,2025-02-02,Newark,Southwest,Road,Carrier B,2.81,260.2,1133.5,3,5,2,1451.8,11.5,0,0,4.26
1434,2025-08-01,Dallas,International,Rail,Carrier B,1.08,120.7,7590.4,16,17,1,4331.21,3.2,0,0,4.56
1435,2025-02-15,Seattle,West,Air,Carrier A,3.62,702.0,1346.8,1,1,0,5391.94,15.5,1,0,4.39
1436,2025-03-30,Chicago,International,Rail,Carrier C,2.63,576.5,4553.0,10,10,0,2886.31,12.2,1,0,4.85
1437,2025-11-14,Atlanta,International,Sea,Carrier A,1.95,246.2,9174.9,27,23,-4,2955.47,13.0,1,0,4.86
1438,2025-08-05,Los Angeles,Southwest,Road,Carrier C,3.89,325.3,1086.2,3,3,0,1496.7,17.9,1,0,5.0
1439,2025-09-19,Seattle,Southeast,Sea,Carrier A,1.3,284.2,743.5,3,4,1,258.26,17.6,0,0,5.0
1440,2025-10-16,Seattle,Southeast,Rail,Carrier A,4.86,618.1,902.5,3,6,3,663.85,10.6,0,0,3.68
1441,2025-12-21,Newark,International,Air,Carrier B,1.65,297.0,6650.9,3,4,1,27324.81,7.7,0,1,2.92
1442,2025-07-25,Seattle,Southeast,Air,Carrier B,0.77,117.5,1025.4,1,1,0,3811.89,8.8,1,0,4.88
1443,2025-02-01,Los Angeles,West,Road,Carrier C,4.6,413.5,1208.0,3,3,0,1590.09,12.1,1,0,4.61
1444,2025-03-23,Chicago,West,Road,Carrier A,0.72,70.6,1724.0,4,5,1,2119.07,10.9,0,0,4.22
1445,2025-11-28,Chicago,West,Road,Carrier B,1.11,219.0,1700.9,3,4,1,2256.04,6.1,0,0,4.05
1446,2025-12-17,Chicago,Midwest,Sea,Carrier D,4.38,812.3,545.8,3,4,1,289.02,6.3,0,0,4.43
1447,2025-03-01,Newark,Midwest,Sea,Carrier A,2.54,454.3,454.2,2,1,-1,204.87,17.5,1,0,5.0
1448,2025-11-27,Chicago,Southwest,Road,Carrier D,1.38,232.9,1099.9,2,4,2,1629.32,17.1,0,0,4.41
1449,2025-04-16,Atlanta,Northeast,Sea,Carrier D,2.13,228.6,1207.2,4,6,2,355.91,3.1,0,0,4.17
1450,2025-11-19,Newark,Southwest,Road,Carrier B,5.76,1236.0,975.1,2,5,3,1457.5,6.6,0,0,4.39
1451,2025-04-20,Chicago,Northeast,Road,Carrier D,3.81,634.0,549.5,1,1,0,720.31,3.9,1,0,5.0
1452,2025-10-10,Los Angeles,Southeast,Road,Carrier A,2.78,352.6,991.8,2,3,1,1253.78,9.0,0,0,4.57
1453,2025-09-24,Seattle,West,Road,Carrier A,2.12,303.1,1265.8,3,3,0,1554.49,8.0,1,0,4.74
1454,2025-11-23,Newark,Southwest,Road,Carrier B,4.49,380.0,1444.9,3,4,1,1970.63,5.0,0,0,4.49
1455,2025-03-07,Seattle,Midwest,Road,Carrier D,4.55,584.9,419.2,2,2,0,647.89,16.0,1,0,5.0
1456,2025-05-12,Seattle,Southwest,Air,Carrier B,4.87,823.7,877.5,1,1,0,3643.11,17.6,1,0,5.0
1457,2025-10-04,Newark,International,Sea,Carrier A,3.22,366.7,5014.4,15,13,-2,1394.24,5.6,1,1,2.54
1458,2025-01-01,Chicago,Northeast,Road,Carrier B,4.85,802.0,1134.5,2,3,1,1575.73,15.8,0,0,4.27
1459,2025-06-18,Chicago,Midwest,Road,Carrier A,10.28,1888.0,396.2,2,1,-1,775.49,13.3,1,1,3.76
1460,2025-03-19,Newark,Southeast,Rail,Carrier B,3.0,315.6,1047.6,3,4,1,656.64,3.1,0,0,4.39
1461,2025-08-20,Chicago,Southeast,Road,Carrier B,2.34,474.1,919.7,2,1,-1,1214.95,13.5,1,0,4.95
1462,2025-09-11,Seattle,Northeast,Road,Carrier A,5.63,661.1,1443.2,3,3,0,1757.94,3.1,1,1,4.02
1463,2025-10-04,Dallas,Southwest,Road,Carrier A,1.11,213.2,1123.8,2,1,-1,1364.52,8.0,1,0,4.21
1464,2025-07-29,Seattle,Northeast,Rail,Carrier A,2.29,475.1,505.9,2,2,0,387.09,15.1,1,0,5.0
1465,2025-12-04,Chicago,Midwest,Sea,Carrier A,3.18,546.5,588.6,3,5,2,270.89,8.9,0,1,2.23
1466,2025-06-03,Los Angeles,International,Sea,Carrier B,1.99,220.5,6704.9,20,18,-2,1854.5,8.0,1,0,5.0
1467,2025-11-16,Seattle,International,Rail,Carrier B,4.6,504.5,5840.2,12,12,0,3895.69,5.2,1,0,4.74
1468,2025-09-12,Dallas,Midwest,Road,Carrier A,2.2,344.3,482.5,2,1,-1,657.07,13.1,1,0,5.0
1469,2025-06-20,Seattle,Northeast,Air,Carrier B,4.88,1021.7,820.8,1,1,0,3331.93,14.3,1,0,5.0
1470,2025-06-08,Los Angeles,Northeast,Road,Carrier A,3.84,389.5,1219.1,3,3,0,1463.45,3.2,1,0,5.0
1471,2025-03-13,Dallas,Northeast,Road,Carrier A,3.53,728.0,1153.9,2,2,0,1548.83,14.0,1,0,5.0
1472,2025-08-03,Los Angeles,Midwest,Air,Carrier A,1.62,256.8,370.0,1,1,0,1512.8,16.8,1,0,4.11
1473,2025-10-14,Atlanta,Midwest,Rail,Carrier A,2.75,490.8,467.0,2,1,-1,356.28,10.4,1,0,4.87
1474,2025-08-25,Dallas,Southwest,Road,Carrier C,3.88,715.1,1236.6,3,2,-1,1641.78,12.9,1,0,4.37
1475,2025-07-20,Los Angeles,Southeast,Air,Carrier B,3.74,564.9,1012.0,1,1,0,3768.31,6.9,1,0,4.85
1476,2025-03-06,Newark,Northeast,Air,Carrier D,3.4,624.6,458.6,1,1,0,1854.95,13.0,1,0,5.0
1477,2025-01-30,Dallas,Northeast,Sea,Carrier A,3.37,661.6,1017.2,4,4,0,392.96,16.3,1,0,4.54
1478,2025-05-23,Atlanta,West,Road,Carrier B,2.09,208.4,1901.1,3,5,2,2472.15,15.9,0,0,4.27
1479,2025-09-08,Dallas,Northeast,Air,Carrier B,3.8,564.8,611.7,1,1,0,2466.11,13.9,1,0,5.0
1480,2025-05-23,Chicago,Midwest,Road,Carrier B,3.77,770.1,518.1,2,2,0,735.44,10.6,1,0,4.7
1481,2025-04-27,Seattle,Southeast,Road,Carrier A,2.23,297.6,588.3,2,1,-1,734.38,5.6,1,0,5.0
1482,2025-05-15,Chicago,Midwest,Rail,Carrier A,1.75,280.9,697.3,2,5,3,495.91,17.0,0,0,3.9
1483,2025-10-27,Atlanta,Northeast,Air,Carrier B,0.92,81.2,539.9,1,1,0,2062.84,11.3,1,0,5.0
1484,2025-12-23,Dallas,Midwest,Sea,Carrier C,0.6,121.7,581.2,2,1,-1,204.29,13.7,1,0,5.0
1485,2025-06-20,Chicago,West,Air,Carrier A,6.61,922.3,1148.1,1,1,0,4546.83,12.3,1,0,4.53
1486,2025-11-08,Seattle,Southwest,Sea,Carrier A,2.86,290.4,1115.9,4,5,1,421.61,11.9,0,0,5.0
1487,2025-01-17,Newark,West,Road,Carrier B,1.72,176.5,1242.8,3,3,0,1456.44,3.9,1,0,5.0
1488,2025-12-16,Chicago,Midwest,Air,Carrier A,4.25,478.9,551.3,1,2,1,2351.45,7.0,0,0,4.39
1489,2025-08-10,Chicago,Southeast,Road,Carrier A,1.44,150.6,1077.5,3,3,0,1401.31,15.4,1,0,4.37
1490,2025-07-08,Newark,Southeast,Rail,Carrier A,2.26,371.0,790.8,2,1,-1,564.9,15.9,1,0,4.97
1491,2025-12-07,Atlanta,West,Road,Carrier C,1.7,243.3,874.7,2,2,0,1245.31,11.2,1,0,5.0
1492,2025-02-08,Los Angeles,Midwest,Air,Carrier D,2.9,632.6,420.3,1,1,0,1767.3,17.5,1,0,4.2
1493,2025-02-13,Seattle,Southeast,Road,Carrier A,1.52,183.9,792.1,3,2,-1,970.16,7.4,1,0,4.89
1494,2025-07-11,Chicago,Midwest,Rail,Carrier A,4.19,548.6,440.9,2,3,1,362.34,8.9,0,0,5.0
1495,2025-10-23,Dallas,International,Rail,Carrier B,2.8,400.4,3430.8,7,7,0,2159.49,10.8,1,0,5.0
1496,2025-10-08,Los Angeles,Midwest,Road,Carrier C,2.54,512.6,543.4,2,2,0,757.4,14.5,1,0,5.0
1497,2025-10-31,Atlanta,Northeast,Road,Carrier C,7.05,800.1,1156.2,3,2,-1,1596.15,12.6,1,0,5.0
1498,2025-02-05,Atlanta,Northeast,Road,Carrier A,1.06,174.2,660.3,2,2,0,886.05,18.0,1,0,4.66
1499,2025-09-11,Seattle,West,Rail,Carrier A,2.62,305.2,849.5,3,4,1,541.59,3.8,0,0,4.75
1500,2025-05-06,Atlanta,Southwest,Road,Carrier C,3.26,350.3,1322.5,3,4,1,1744.84,14.7,0,0,4.87
1501,2025-06-16,Newark,Northeast,Road,Carrier A,2.26,415.7,816.7,3,3,0,1055.08,10.7,1,0,4.73
1502,2025-10-07,Newark,Southwest,Sea,Carrier A,4.73,620.6,941.2,4,6,2,385.92,14.4,0,0,3.78
1503,2025-09-16,Los Angeles,West,Air,Carrier D,2.96,557.7,1443.6,1,3,2,5159.64,3.6,0,0,4.08
1504,2025-07-20,Atlanta,Midwest,Road,Carrier B,1.94,251.8,502.3,2,2,0,652.92,9.9,1,0,5.0
1505,2025-07-22,Dallas,International,Sea,Carrier A,0.63,101.1,6473.1,19,14,-5,1693.2,3.7,1,0,4.55
1506,2025-03-23,Chicago,West,Road,Carrier C,4.83,507.9,1619.1,4,4,0,2036.69,8.4,1,0,4.81
1507,2025-05-23,Seattle,Northeast,Road,Carrier A,4.21,817.9,930.4,3,4,1,1161.26,3.0,0,0,4.18
1508,2025-04-24,Seattle,Southwest,Air,Carrier B,6.1,985.3,1079.5,1,1,0,4325.4,13.5,1,0,5.0
1509,2025-08-06,Dallas,Midwest,Road,Carrier B,2.49,438.1,682.4,2,2,0,954.06,17.8,1,0,5.0
1510,2025-11-14,Seattle,Northeast,Road,Carrier D,2.31,375.2,745.1,2,3,1,1141.11,16.7,0,0,4.51
1511,2025-08-04,Chicago,International,Sea,Carrier C,1.49,156.8,4601.6,14,11,-3,1296.26,9.8,1,0,4.0
1512,2025-10-09,Los Angeles,West,Rail,Carrier D,3.67,309.6,1401.5,4,1,-3,948.99,12.8,1,0,5.0
1513,2025-06-24,Chicago,Southeast,Road,Carrier C,1.86,287.0,627.1,2,2,0,860.22,17.5,1,0,5.0
1514,2025-03-02,Chicago,International,Air,Carrier B,2.21,401.3,7285.0,3,2,-1,28223.0,13.7,1,0,4.72
1515,2025-08-24,Atlanta,West,Road,Carrier C,2.59,419.5,1554.4,3,2,-1,1898.81,7.3,1,0,5.0
1516,2025-03-20,Newark,Northeast,Sea,Carrier B,2.16,451.0,487.2,2,3,1,197.4,11.7,0,0,4.5
1517,2025-09-13,Atlanta,Northeast,Rail,Carrier B,1.34,137.7,826.0,2,2,0,554.97,15.3,1,0,5.0
1518,2025-02-17,Chicago,International,Sea,Carrier B,3.7,709.7,5923.2,18,19,1,1750.89,11.4,0,0,4.12
1519,2025-06-07,Chicago,West,Sea,Carrier B,9.67,2105.4,1351.3,5,5,0,645.21,9.7,1,0,5.0
1520,2025-10-27,Chicago,West,Rail,Carrier A,2.7,580.3,1702.6,4,4,0,1096.53,9.0,1,0,4.93
1521,2025-10-02,Seattle,Southeast,Road,Carrier A,4.2,635.3,717.0,2,1,-1,931.15,5.4,1,0,4.98
1522,2025-02-26,Dallas,Southwest,Rail,Carrier B,7.64,788.0,1047.6,4,5,1,795.2,8.9,0,0,4.4
1523,2025-10-18,Seattle,Southwest,Road,Carrier A,0.73,106.6,1680.6,4,3,-1,2079.43,11.5,1,0,4.99
1524,2025-04-16,Newark,Midwest,Road,Carrier D,6.3,809.6,322.9,2,1,-1,557.29,13.7,1,0,5.0
1525,2025-07-24,Dallas,West,Road,Carrier A,2.58,289.5,1377.0,3,2,-1,1708.99,9.0,1,0,5.0
1526,2025-08-15,Los Angeles,Northeast,Road,Carrier C,2.75,587.1,766.6,2,1,-1,1043.61,14.2,1,0,4.72
1527,2025-05-31,Seattle,Midwest,Sea,Carrier A,4.7,541.9,635.6,3,1,-2,278.36,8.5,1,0,4.92
1528,2025-06-27,Atlanta,Northeast,Air,Carrier C,2.27,434.1,976.8,1,1,0,3880.13,14.9,1,0,5.0
1529,2025-11-25,Seattle,International,Air,Carrier B,7.16,998.2,8291.4,3,5,2,37464.89,18.0,0,0,4.22
1530,2025-06-11,Los Angeles,Southeast,Road,Carrier B,3.21,363.4,697.8,2,1,-1,968.92,16.2,1,0,5.0
1531,2025-12-31,Dallas,International,Sea,Carrier B,1.41,195.5,5660.2,18,23,5,1784.76,10.2,0,0,3.14
1532,2025-03-07,Newark,West,Road,Carrier A,2.98,287.0,1526.0,3,4,1,1986.21,14.3,0,0,4.78
1533,2025-04-25,Seattle,Midwest,Rail,Carrier B,5.91,1280.3,450.8,2,1,-1,438.76,9.5,1,0,5.0
1534,2025-04-13,Atlanta,Southeast,Air,Carrier B,1.06,229.9,661.6,1,1,0,2561.53,12.5,1,0,5.0
1535,2025-09-01,Los Angeles,West,Road,Carrier A,5.38,633.4,1797.2,3,3,0,2287.7,9.5,1,0,4.96
1536,2025-08-09,Seattle,Southeast,Air,Carrier B,3.67,341.1,795.1,2,2,0,2972.28,7.1,1,0,4.93
1537,2025-01-21,Atlanta,Midwest,Road,Carrier B,4.29,633.6,419.8,2,1,-1,600.85,7.7,1,0,4.61
1538,2025-10-01,Seattle,West,Rail,Carrier A,4.39,632.0,1045.4,3,3,0,709.98,5.6,1,0,4.76
1539,2025-06-19,Dallas,Southeast,Sea,Carrier A,3.0,309.1,773.6,3,2,-1,277.3,9.2,1,0,4.59
1540,2025-07-27,Chicago,Midwest,Road,Carrier A,5.05,459.5,546.2,2,1,-1,803.88,14.9,1,0,5.0
1541,2025-01-18,Atlanta,Northeast,Sea,Carrier B,4.69,991.5,987.8,4,11,7,382.97,4.4,0,1,1.0
1542,2025-10-21,Seattle,Southwest,Road,Carrier A,0.78,138.8,864.1,2,1,-1,1027.31,6.0,1,0,5.0
1543,2025-02-02,Newark,Southwest,Road,Carrier C,3.41,566.5,528.9,1,1,0,757.72,14.6,1,0,4.48
1544,2025-09-23,Atlanta,Northeast,Road,Carrier A,1.05,178.8,487.8,1,1,0,593.29,5.7,1,0,4.5
1545,2025-12-12,Los Angeles,Southeast,Sea,Carrier C,10.81,1739.8,1138.3,4,4,0,658.15,10.1,1,0,5.0
1546,2025-11-11,Chicago,Southwest,Rail,Carrier A,4.71,808.2,1290.8,3,4,1,1043.59,13.5,0,0,4.9
1547,2025-04-17,Newark,Northeast,Rail,Carrier A,5.29,611.2,602.1,3,2,-1,468.36,6.2,1,0,4.73
1548,2025-08-06,Dallas,Southeast,Road,Carrier B,0.81,91.5,1230.6,3,2,-1,1451.29,5.9,1,0,5.0
1549,2025-02-02,Atlanta,Northeast,Road,Carrier A,3.35,663.3,902.2,2,1,-1,1194.14,11.0,1,0,5.0
1550,2025-12-27,Atlanta,International,Sea,Carrier D,2.49,486.8,7612.2,23,20,-3,2576.84,17.1,1,0,4.55
1551,2025-01-19,Dallas,Southwest,Road,Carrier C,1.26,244.6,1401.9,3,5,2,1829.55,16.3,0,0,4.83
1552,2025-04-02,Seattle,Northeast,Road,Carrier B,10.58,1323.0,865.8,2,2,0,1336.1,13.5,1,0,5.0
1553,2025-10-28,Dallas,Northeast,Rail,Carrier B,0.97,108.6,897.7,3,5,2,567.59,10.5,0,0,3.59
1554,2025-04-21,Chicago,International,Rail,Carrier C,9.66,1828.1,5916.9,13,13,0,3968.9,13.7,1,0,4.42
1555,2025-02-06,Atlanta,Midwest,Road,Carrier D,1.33,172.4,555.3,2,2,0,664.9,4.0,1,0,4.92
1556,2025-03-02,Los Angeles,Southeast,Air,Carrier A,3.81,804.8,964.2,1,2,1,3544.45,5.0,0,0,4.36
1557,2025-09-10,Newark,Midwest,Air,Carrier A,1.06,93.2,583.8,1,2,1,2286.26,14.0,0,0,4.62
1558,2025-11-01,Los Angeles,Northeast,Road,Carrier A,3.52,684.8,672.0,2,4,2,1022.53,10.5,0,0,4.56
1559,2025-10-23,Atlanta,West,Road,Carrier C,0.41,49.6,1733.8,4,3,-1,2097.69,9.5,1,0,5.0
1560,2025-08-26,Dallas,Midwest,Rail,Carrier D,3.7,759.5,545.9,2,2,0,459.82,16.8,1,0,5.0
1561,2025-09-24,Los Angeles,International,Rail,Carrier B,5.53,635.2,2934.3,7,8,1,2017.34,16.7,0,0,4.64
1562,2025-08-29,Dallas,Southeast,Road,Carrier B,9.41,1199.4,1260.3,3,3,0,1655.7,4.3,1,0,5.0
1563,2025-03-08,Atlanta,Midwest,Road,Carrier C,2.08,166.8,506.4,2,1,-1,674.2,13.0,1,0,5.0
1564,2025-11-15,Los Angeles,Northeast,Road,Carrier D,1.04,150.4,804.9,3,4,1,1059.27,4.1,0,0,3.78
1565,2025-08-29,Chicago,International,Sea,Carrier A,2.42,346.2,6036.8,18,17,-1,1809.7,15.8,1,0,5.0
1566,2025-09-28,Los Angeles,Midwest,Rail,Carrier C,2.35,231.5,412.8,2,3,1,321.33,17.3,0,0,4.06
1567,2025-11-17,Seattle,West,Air,Carrier B,2.06,295.5,1714.4,1,2,1,6783.68,3.1,0,0,4.96
1568,2025-11-12,Los Angeles,Midwest,Air,Carrier D,0.94,122.7,519.9,1,2,1,2196.69,9.7,0,0,4.7
1569,2025-06-06,Chicago,Midwest,Air,Carrier A,5.82,902.3,415.4,2,2,0,1714.67,11.0,1,0,4.64
1570,2025-07-20,Seattle,Southeast,Road,Carrier A,2.66,289.7,587.1,2,2,0,805.21,15.0,1,0,4.91
1571,2025-04-28,Dallas,Southeast,Air,Carrier C,6.85,1172.7,537.2,1,1,0,2182.83,9.8,1,0,4.6
1572,2025-05-19,Chicago,Northeast,Air,Carrier D,7.38,1180.5,519.2,1,2,1,2056.85,6.3,0,0,5.0
1573,2025-06-19,Chicago,Southwest,Air,Carrier D,6.48,1305.3,1273.6,2,2,0,4681.51,4.2,1,0,5.0
1574,2025-04-29,Los Angeles,West,Road,Carrier C,1.51,265.1,1753.8,3,3,0,2297.2,16.9,1,0,4.69
1575,2025-06-05,Chicago,West,Road,Carrier D,1.25,171.4,797.6,2,2,0,1059.37,17.1,1,0,5.0
1576,2025-11-02,Newark,Southeast,Air,Carrier A,1.21,142.8,921.4,2,3,1,3936.67,11.3,0,0,4.15
1577,2025-01-21,Atlanta,Southeast,Air,Carrier A,5.38,636.1,674.6,2,2,0,2622.74,9.0,1,0,4.86
1578,2025-01-11,Dallas,Northeast,Road,Carrier C,0.21,26.6,944.1,2,1,-1,1119.1,7.3,1,0,4.95
1579,2025-08-31,Chicago,Southeast,Sea,Carrier B,4.24,659.1,633.4,3,3,0,290.1,13.8,1,0,4.75
1580,2025-09-02,Chicago,Southeast,Air,Carrier C,4.53,424.5,1078.4,1,1,0,3902.2,3.9,1,0,5.0
1581,2025-01-13,Chicago,Northeast,Air,Carrier A,1.51,299.7,739.5,2,2,0,2827.48,10.8,1,0,5.0
1582,2025-12-18,Newark,Midwest,Rail,Carrier A,2.55,539.1,553.6,3,1,-2,475.73,14.9,1,0,5.0
1583,2025-05-10,Atlanta,Northeast,Rail,Carrier A,2.28,244.4,744.9,2,1,-1,534.09,17.1,1,0,4.52
1584,2025-09-17,Dallas,Southeast,Road,Carrier A,2.65,504.9,734.6,2,3,1,970.01,11.1,0,0,4.8
1585,2025-09-10,Los Angeles,Midwest,Road,Carrier D,5.27,930.3,393.8,1,2,1,623.03,11.5,0,0,4.5
1586,2025-10-11,Seattle,Midwest,Road,Carrier A,3.46,540.6,422.8,1,1,0,592.92,9.0,1,0,5.0
1587,2025-01-07,Seattle,Southwest,Road,Carrier B,7.57,1442.1,1144.0,3,4,1,1506.22,4.3,0,0,3.85
1588,2025-08-06,Dallas,West,Road,Carrier C,2.2,245.5,1390.2,3,5,2,1728.87,9.8,0,0,3.97
1589,2025-02-18,Atlanta,Southeast,Air,Carrier C,5.57,541.3,1052.0,1,2,1,4192.56,13.7,0,0,4.81
1590,2025-03-31,Dallas,Northeast,Road,Carrier A,2.44,410.0,659.7,2,2,0,821.87,5.0,1,0,5.0
1591,2025-07-30,Dallas,Midwest,Road,Carrier C,2.51,339.3,605.9,2,1,-1,786.75,9.1,1,0,5.0
1592,2025-07-08,Dallas,West,Road,Carrier B,1.8,271.7,2007.0,4,3,-1,2632.66,17.1,1,0,4.8
1593,2025-06-30,Atlanta,International,Sea,Carrier B,3.37,457.8,5412.4,16,18,2,1562.02,9.5,0,0,4.29
1594,2025-12-14,Newark,Southeast,Road,Carrier B,4.02,697.6,899.3,2,1,-1,1270.46,4.6,1,0,4.86
1595,2025-06-11,Los Angeles,Northeast,Sea,Carrier A,4.04,353.1,379.8,2,3,1,199.72,15.3,0,0,4.14
1596,2025-11-07,Dallas,Southwest,Road,Carrier C,2.02,232.0,912.3,3,5,2,1240.08,5.9,0,0,4.11
1597,2025-07-27,Chicago,Northeast,Rail,Carrier B,4.45,725.7,622.6,3,4,1,522.91,17.4,0,0,4.53
1598,2025-01-19,Chicago,West,Air,Carrier B,3.01,622.2,1582.3,1,1,0,5881.56,7.8,1,0,4.99
1599,2025-01-21,Chicago,International,Sea,Carrier A,4.39,434.5,5486.6,17,14,-3,1666.42,14.2,1,0,4.94
1600,2025-08-04,Seattle,Northeast,Air,Carrier D,3.04,582.9,659.5,1,1,0,2574.08,11.1,1,0,5.0
1601,2025-09-30,Seattle,International,Air,Carrier A,2.89,580.8,6973.9,2,3,1,27779.26,16.8,0,0,4.7
1602,2025-11-10,Seattle,Southeast,Road,Carrier A,4.42,844.6,595.8,2,3,1,920.49,7.6,0,0,4.93
1603,2025-06-15,Chicago,Southwest,Road,Carrier A,3.23,660.5,818.1,2,1,-1,1090.29,11.1,1,0,5.0
1604,2025-05-09,Atlanta,West,Rail,Carrier A,3.62,340.1,1869.1,5,5,0,1149.92,4.6,1,0,5.0
1605,2025-06-03,Los Angeles,Midwest,Road,Carrier B,5.07,547.0,612.1,2,2,0,913.39,17.6,1,0,4.69
1606,2025-02-03,Los Angeles,Southeast,Road,Carrier D,7.25,594.9,964.5,2,2,0,1414.27,17.9,1,0,5.0
1607,2025-09-13,Atlanta,Northeast,Road,Carrier A,7.79,1549.5,892.4,2,1,-1,1346.55,14.5,1,0,4.97
1608,2025-06-17,Dallas,West,Rail,Carrier A,0.5,52.2,864.5,3,7,4,559.93,15.3,0,0,3.82
1609,2025-05-12,Newark,Southwest,Sea,Carrier B,3.09,275.9,1027.3,4,3,-1,360.0,13.6,1,0,5.0
1610,2025-03-22,Atlanta,Southeast,Road,Carrier B,4.53,395.3,1034.9,3,3,0,1428.45,16.5,1,0,4.93
1611,2025-01-10,Dallas,Southeast,Air,Carrier A,2.58,558.0,794.3,2,2,0,3066.11,10.8,1,0,5.0
1612,2025-07-27,Los Angeles,Northeast,Sea,Carrier A,1.16,132.3,1043.1,4,2,-2,295.0,3.6,1,0,5.0
1613,2025-02-17,Los Angeles,Northeast,Air,Carrier B,4.32,732.7,735.3,2,1,-1,3017.69,16.0,1,0,5.0
1614,2025-05-30,Chicago,Midwest,Rail,Carrier A,8.34,1001.2,716.1,2,1,-1,648.63,14.0,1,0,4.67
1615,2025-02-15,Los Angeles,West,Sea,Carrier B,9.45,1386.8,1500.2,6,6,0,671.72,14.6,1,0,5.0
1616,2025-09-11,Seattle,International,Air,Carrier B,2.71,406.5,5342.9,2,2,0,20377.63,11.8,1,0,4.48
1617,2025-01-18,Atlanta,International,Sea,Carrier D,1.33,186.2,5918.5,18,16,-2,1779.04,17.9,1,1,3.2
1618,2025-04-28,Dallas,West,Air,Carrier B,2.92,356.7,2062.6,1,1,0,7463.4,5.5,1,0,5.0
1619,2025-10-16,Dallas,Southeast,Road,Carrier D,2.3,293.9,1382.9,3,4,1,1845.08,17.5,0,0,4.13
1620,2025-11-13,Atlanta,International,Sea,Carrier D,2.57,436.7,7547.6,23,25,2,2276.9,4.4,0,0,4.05
1621,2025-12-18,Dallas,Northeast,Road,Carrier D,2.36,419.2,1113.8,2,4,2,1492.8,4.0,0,0,4.18
1622,2025-04-15,Newark,Midwest,Road,Carrier A,4.71,850.3,492.1,2,2,0,676.11,3.3,1,0,4.67
1623,2025-12-09,Seattle,Southeast,Road,Carrier A,2.62,373.8,963.8,3,4,1,1366.32,9.1,0,0,5.0
1624,2025-11-30,Los Angeles,Southeast,Road,Carrier B,2.39,470.7,1178.2,3,4,1,1779.13,17.2,0,0,4.68
1625,2025-02-02,Los Angeles,Southwest,Rail,Carrier A,0.45,47.0,1058.7,3,3,0,661.11,11.8,1,0,4.8
1626,2025-02-22,Chicago,Southwest,Road,Carrier D,5.27,510.9,1155.7,3,3,0,1604.15,16.6,1,0,5.0
1627,2025-05-11,Dallas,Southeast,Rail,Carrier A,9.24,940.1,877.7,3,3,0,745.84,11.6,1,0,4.83
1628,2025-08-22,Los Angeles,West,Air,Carrier B,0.63,95.0,1555.9,1,1,0,5962.11,12.4,1,0,5.0
1629,2025-05-09,Seattle,Northeast,Sea,Carrier B,4.14,890.3,614.9,3,1,-2,278.63,7.0,1,0,5.0
1630,2025-01-05,Seattle,Southwest,Sea,Carrier D,1.06,131.7,1360.2,5,4,-1,379.88,4.8,1,0,4.67
1631,2025-07-11,Chicago,Northeast,Rail,Carrier A,3.57,560.4,737.0,2,3,1,510.76,4.9,0,0,4.24
1632,2025-04-19,Atlanta,Southeast,Road,Carrier A,3.34,353.2,1288.9,3,4,1,1643.03,10.6,0,0,4.43
1633,2025-08-16,Dallas,Southeast,Road,Carrier A,1.55,310.3,719.2,2,1,-1,963.43,16.1,1,0,4.76
1634,2025-01-31,Los Angeles,Southwest,Road,Carrier C,1.82,320.2,737.2,2,1,-1,986.62,15.5,1,0,4.77
1635,2025-06-12,Newark,Midwest,Road,Carrier C,4.3,610.7,748.4,2,2,0,1032.13,12.4,1,0,4.38
1636,2025-03-09,Seattle,Northeast,Rail,Carrier A,1.73,283.1,619.3,2,2,0,411.6,8.1,1,0,5.0
1637,2025-04-29,Los Angeles,Northeast,Road,Carrier C,1.25,233.5,958.3,2,2,0,1198.35,10.5,1,0,4.84
1638,2025-04-21,Newark,Southeast,Rail,Carrier B,1.35,150.8,715.3,3,4,1,455.8,8.2,0,0,4.85
1639,2025-01-21,Chicago,Midwest,Air,Carrier A,2.65,280.1,398.8,1,1,0,1594.27,13.1,1,0,4.39
1640,2025-09-28,Atlanta,Southwest,Air,Carrier A,1.7,236.5,1117.3,1,1,0,4100.71,6.9,1,0,5.0
1641,2025-04-05,Newark,Southwest,Air,Carrier A,5.71,951.4,1114.5,1,2,1,4267.6,8.8,0,0,4.27
1642,2025-12-11,Los Angeles,Southeast,Rail,Carrier B,0.95,127.8,820.8,3,6,3,596.94,12.9,0,0,3.73
1643,2025-01-15,Seattle,Midwest,Road,Carrier B,0.96,150.6,450.9,2,1,-1,551.08,6.4,1,0,5.0
1644,2025-05-10,Los Angeles,Southwest,Air,Carrier C,1.97,262.5,940.3,2,2,0,3375.93,4.2,1,0,4.93
1645,2025-06-15,Los Angeles,Southeast,Rail,Carrier D,2.3,428.4,1326.7,4,4,0,901.84,14.8,1,0,4.95
1646,2025-12-04,Seattle,Midwest,Road,Carrier B,4.41,735.2,684.2,2,2,0,1049.16,9.5,1,0,4.99
1647,2025-11-10,Newark,Southwest,Road,Carrier D,0.45,52.9,1267.4,3,4,1,1691.39,7.6,0,0,5.0
1648,2025-07-24,Newark,Southeast,Rail,Carrier C,1.92,319.2,975.3,3,1,-2,625.4,7.6,1,0,4.48
1649,2025-05-22,Atlanta,Northeast,Rail,Carrier C,5.02,1085.3,722.9,3,5,2,614.62,16.6,0,0,4.37
1650,2025-10-30,Chicago,Southwest,Air,Carrier C,1.13,104.2,493.3,1,1,0,1802.98,6.1,1,0,5.0
1651,2025-10-07,Atlanta,Midwest,Sea,Carrier A,2.47,423.3,381.7,2,1,-1,159.57,3.9,1,0,4.97
1652,2025-03-26,Seattle,International,Sea,Carrier A,8.33,1166.6,6814.4,21,21,0,2020.85,7.1,1,0,5.0
1653,2025-04-23,Los Angeles,West,Road,Carrier A,3.62,425.7,1746.6,3,3,0,2058.7,3.1,1,0,5.0
1654,2025-08-12,Dallas,Southeast,Rail,Carrier B,3.43,349.1,1097.0,3,3,0,791.94,17.8,1,0,4.77
1655,2025-07-24,Chicago,West,Road,Carrier B,1.48,303.4,748.7,2,1,-1,935.83,8.7,1,0,5.0
1656,2025-10-20,Dallas,Southwest,Sea,Carrier B,6.25,1099.8,575.9,2,1,-1,308.81,5.5,1,0,5.0
1657,2025-06-23,Atlanta,West,Road,Carrier B,1.39,290.2,1087.3,2,2,0,1276.95,3.7,1,0,5.0
1658,2025-02-12,Los Angeles,Northeast,Air,Carrier B,2.22,286.2,806.1,2,2,0,2919.45,4.7,1,0,4.82
1659,2025-11-04,Dallas,West,Air,Carrier B,5.46,560.9,1365.2,1,1,0,5614.62,5.5,1,0,5.0
1660,2025-09-05,Chicago,Southeast,Air,Carrier A,4.34,941.2,857.3,1,1,0,3157.1,4.3,1,0,4.85
1661,2025-12-06,Atlanta,Southwest,Road,Carrier B,0.19,40.9,840.2,2,1,-1,1171.8,12.6,1,0,5.0
1662,2025-09-22,Chicago,West,Sea,Carrier A,3.71,444.3,1514.2,6,5,-1,481.11,5.4,1,0,5.0
1663,2025-08-22,Seattle,Midwest,Road,Carrier C,3.9,751.0,611.9,2,2,0,875.98,13.9,1,0,5.0
1664,2025-01-28,Chicago,Northeast,Road,Carrier A,2.58,369.8,718.5,2,1,-1,975.59,15.1,1,0,5.0
1665,2025-09-01,Atlanta,Midwest,Sea,Carrier B,0.26,26.6,510.7,2,3,1,140.77,5.9,0,0,4.91
1666,2025-11-03,Newark,Northeast,Road,Carrier B,5.58,767.7,611.6,2,2,0,943.73,6.0,1,0,4.47
1667,2025-06-12,Dallas,West,Road,Carrier A,0.76,156.4,1407.2,3,3,0,1828.82,16.7,1,0,4.99
1668,2025-04-05,Newark,Northeast,Rail,Carrier C,5.97,638.3,343.5,2,2,0,357.24,15.1,1,0,5.0
1669,2025-06-04,Los Angeles,Northeast,Air,Carrier B,1.74,220.6,771.3,1,1,0,3058.55,15.0,1,0,4.28
1670,2025-09-01,Seattle,Midwest,Road,Carrier C,14.71,2828.9,350.4,2,3,1,769.92,3.0,0,0,4.73
1671,2025-04-01,Dallas,Northeast,Road,Carrier C,1.36,191.9,1148.4,2,1,-1,1457.43,12.7,1,0,4.52
1672,2025-04-04,Seattle,Southwest,Road,Carrier B,1.08,221.3,928.6,3,3,0,1117.92,6.6,1,0,4.82
1673,2025-09-18,Los Angeles,West,Air,Carrier B,5.06,853.9,995.1,1,1,0,4013.33,14.6,1,0,5.0
1674,2025-01-04,Los Angeles,Midwest,Sea,Carrier A,9.42,840.3,598.3,3,2,-1,391.72,17.7,1,0,4.84
1675,2025-10-09,Dallas,West,Road,Carrier A,4.8,405.6,1662.0,3,2,-1,2177.82,13.4,1,0,4.78
1676,2025-12-08,Los Angeles,Southeast,Air,Carrier C,2.26,471.5,1164.8,1,2,1,5166.04,14.8,0,0,4.23
1677,2025-01-30,Chicago,Northeast,Road,Carrier C,1.32,239.7,716.5,2,2,0,871.69,6.3,1,0,5.0
1678,2025-09-14,Seattle,Northeast,Sea,Carrier C,2.68,515.4,783.2,4,1,-3,299.43,14.4,1,0,4.78
1679,2025-09-16,Chicago,Midwest,Rail,Carrier A,3.91,458.2,855.0,3,4,1,633.38,14.8,0,0,4.93
1680,2025-10-13,Chicago,Northeast,Rail,Carrier C,0.89,91.2,903.3,3,2,-1,566.26,10.0,1,0,4.89
1681,2025-08-16,Chicago,Southeast,Road,Carrier A,1.94,195.5,1012.3,2,3,1,1250.45,8.5,0,0,4.34
1682,2025-04-25,Newark,Midwest,Road,Carrier B,5.91,755.2,649.8,2,3,1,940.39,11.8,0,0,4.25
1683,2025-12-07,Dallas,Southeast,Rail,Carrier C,2.07,312.6,1281.9,3,4,1,900.06,6.9,0,0,4.67
1684,2025-09-19,Los Angeles,West,Air,Carrier B,3.7,585.7,1803.5,1,1,0,6993.73,12.5,1,0,5.0
1685,2025-12-25,Seattle,Southwest,Road,Carrier D,4.01,391.1,1213.1,2,3,1,1770.66,11.8,0,0,4.71
1686,2025-03-17,Seattle,Southeast,Road,Carrier B,0.69,136.3,880.6,3,3,0,1135.69,15.2,1,0,5.0
1687,2025-12-16,Dallas,Southeast,Air,Carrier C,0.95,127.0,985.4,1,1,0,4409.95,16.8,1,0,5.0
1688,2025-01-03,Dallas,Midwest,Rail,Carrier B,4.86,742.3,608.4,3,3,0,503.74,13.3,1,0,5.0
1689,2025-12-01,Atlanta,Midwest,Road,Carrier C,13.33,2546.1,434.1,2,3,1,929.3,3.1,0,0,4.78
1690,2025-04-03,Dallas,Southeast,Road,Carrier A,0.3,61.2,629.9,2,2,0,727.67,3.9,1,0,4.76
1691,2025-02-27,Chicago,Southeast,Air,Carrier A,1.84,252.4,916.4,1,1,0,3341.99,5.9,1,0,5.0
1692,2025-04-05,Chicago,Midwest,Road,Carrier B,0.74,151.4,912.1,2,3,1,1132.29,10.8,0,0,3.44
1693,2025-07-15,Atlanta,Midwest,Road,Carrier A,6.92,1052.6,522.5,2,3,1,807.98,10.5,0,0,4.04
1694,2025-03-30,Newark,West,Air,Carrier C,6.46,796.3,1083.2,1,1,0,4399.99,15.2,1,0,4.75
1695,2025-02-17,Chicago,Northeast,Road,Carrier A,6.65,1198.9,455.2,1,1,0,705.34,6.8,1,0,5.0
1696,2025-12-08,Los Angeles,West,Road,Carrier C,1.77,271.5,1690.5,4,5,1,2436.18,14.5,0,0,4.98
1697,2025-06-21,Seattle,Midwest,Rail,Carrier B,6.83,1195.2,487.2,2,1,-1,471.8,9.7,1,0,5.0
1698,2025-08-27,Seattle,International,Rail,Carrier B,5.54,503.0,9385.6,20,21,1,5929.15,12.5,0,0,4.66
1699,2025-10-08,Los Angeles,West,Road,Carrier C,6.76,1231.5,1671.3,4,5,1,2195.5,9.7,0,0,4.81
1700,2025-01-31,Chicago,Southeast,Road,Carrier A,2.06,167.5,1170.9,3,3,0,1448.02,9.1,1,0,4.26
1701,2025-04-24,Seattle,Southwest,Rail,Carrier D,0.87,130.0,1031.8,3,7,4,690.35,17.6,0,0,4.14
1702,2025-07-28,Los Angeles,Southeast,Road,Carrier C,8.33,1555.2,1103.4,3,3,0,1524.07,7.6,1,0,5.0
1703,2025-12-20,Newark,Northeast,Road,Carrier A,3.54,552.7,761.9,2,3,1,1142.28,11.0,0,0,5.0
1704,2025-01-12,Los Angeles,Southeast,Air,Carrier C,2.15,373.6,591.1,2,2,0,2379.98,15.5,1,0,5.0
1705,2025-08-27,Los Angeles,West,Air,Carrier B,1.93,215.3,1750.0,2,2,0,6576.76,9.8,1,0,4.78
1706,2025-12-31,Los Angeles,West,Sea,Carrier C,6.46,1268.0,1408.6,6,10,4,637.56,11.1,0,0,3.63
1707,2025-02-02,Chicago,West,Road,Carrier B,0.65,129.1,917.8,2,2,0,1119.12,9.1,1,0,4.3
1708,2025-05-15,Atlanta,International,Sea,Carrier C,1.96,348.5,5909.6,18,17,-1,1647.75,8.1,1,0,5.0
1709,2025-06-27,Seattle,West,Air,Carrier D,1.48,248.7,1072.3,1,1,0,3805.83,3.4,1,1,3.35
1710,2025-03-15,Seattle,West,Rail,Carrier D,1.78,347.4,1491.3,3,3,0,928.3,7.4,1,0,5.0
1711,2025-06-21,Seattle,Southeast,Road,Carrier D,4.73,615.4,1111.4,2,2,0,1496.44,13.0,1,0,4.28
1712,2025-02-23,Atlanta,Southeast,Road,Carrier A,1.94,327.4,1035.0,2,1,-1,1236.14,4.4,1,0,5.0
1713,2025-01-16,Atlanta,Midwest,Air,Carrier A,3.53,722.5,450.5,1,1,0,1820.05,12.3,1,0,4.97
1714,2025-02-02,Los Angeles,Northeast,Air,Carrier B,3.71,536.7,983.3,2,2,0,4039.03,17.9,1,0,4.96
1715,2025-12-08,Atlanta,Southeast,Road,Carrier B,0.65,75.8,976.4,2,4,2,1387.3,13.9,0,0,3.97
1716,2025-08-19,Dallas,Northeast,Road,Carrier B,3.6,307.1,785.3,3,2,-1,1030.24,10.4,1,0,4.61
1717,2025-09-08,Dallas,West,Rail,Carrier B,4.29,692.6,1634.7,5,4,-1,1050.93,5.3,1,0,5.0
1718,2025-04-15,Dallas,Northeast,Rail,Carrier B,0.5,44.7,530.0,2,3,1,335.8,11.5,0,0,4.86
1719,2025-09-19,Seattle,Midwest,Air,Carrier C,2.1,315.6,551.1,1,2,1,2011.3,4.7,0,0,4.42
1720,2025-11-28,Los Angeles,Northeast,Road,Carrier B,2.0,412.4,696.5,2,3,1,997.93,9.1,0,0,4.94
1721,2025-07-21,Dallas,Northeast,Road,Carrier A,10.06,2085.3,912.6,2,3,1,1315.81,4.5,0,0,4.57
1722,2025-01-11,Chicago,Southeast,Road,Carrier B,0.48,80.9,967.9,3,3,0,1142.65,6.2,1,0,5.0
1723,2025-05-06,Chicago,Southwest,Road,Carrier A,1.82,308.8,967.1,2,1,-1,1186.27,7.2,1,0,5.0
1724,2025-10-30,Atlanta,International,Sea,Carrier B,2.05,324.8,8385.7,25,27,2,2482.02,15.8,0,0,4.11
1725,2025-01-14,Los Angeles,West,Rail,Carrier A,3.43,284.9,867.9,3,1,-2,635.36,17.0,1,1,3.26
1726,2025-08-13,Atlanta,Midwest,Air,Carrier B,3.37,367.9,619.8,1,1,0,2537.7,16.6,1,0,4.41
1727,2025-05-24,Newark,Southwest,Road,Carrier B,3.38,569.6,1199.7,3,4,1,1452.1,3.8,0,0,4.01
1728,2025-10-24,Newark,Southeast,Road,Carrier B,1.95,393.9,1101.0,3,2,-1,1316.73,4.5,1,0,4.73
1729,2025-03-19,Newark,Northeast,Air,Carrier B,1.47,152.5,1096.3,1,2,1,4407.14,17.3,0,0,4.64
1730,2025-01-24,Los Angeles,Southwest,Road,Carrier D,2.31,255.5,989.6,3,3,0,1284.89,13.1,1,0,4.67
1731,2025-11-25,Los Angeles,International,Sea,Carrier D,4.15,872.0,6429.7,19,20,1,2014.91,5.0,0,0,4.52
1732,2025-03-09,Dallas,West,Road,Carrier C,3.0,646.6,1416.1,3,3,0,1715.08,4.9,1,0,4.57
1733,2025-08-13,Seattle,International,Sea,Carrier D,1.73,342.3,4949.7,15,13,-2,1322.75,3.3,1,0,5.0
1734,2025-09-22,Seattle,Southeast,Air,Carrier B,0.84,80.2,1061.7,1,1,0,4000.14,10.3,1,0,5.0
1735,2025-06-04,Chicago,Southwest,Road,Carrier A,2.15,270.8,692.0,2,2,0,924.7,14.6,1,0,4.32
1736,2025-04-10,Atlanta,Southwest,Road,Carrier C,6.39,1404.3,1168.5,3,3,0,1582.15,9.0,1,0,5.0
1737,2025-12-14,Los Angeles,West,Road,Carrier B,1.19,220.2,1243.7,3,3,0,1649.14,5.4,1,0,4.44
1738,2025-01-22,Atlanta,Northeast,Air,Carrier A,1.24,175.3,867.8,1,1,0,3499.06,17.5,1,0,5.0
1739,2025-03-25,Dallas,Southeast,Road,Carrier B,0.32,26.1,824.5,2,3,1,978.84,7.2,0,0,4.9
1740,2025-09-07,Newark,West,Air,Carrier A,1.85,234.3,1664.0,2,1,-1,6637.14,16.5,1,0,5.0
1741,2025-02-04,Atlanta,Southwest,Rail,Carrier B,4.52,809.0,1203.0,4,2,-2,807.7,4.9,1,0,5.0
1742,2025-05-07,Seattle,Midwest,Road,Carrier A,2.7,238.8,358.1,1,1,0,462.36,3.6,1,0,3.85
1743,2025-02-18,Atlanta,Southwest,Air,Carrier D,7.16,1414.0,817.9,1,1,0,3174.92,7.3,1,0,4.73
1744,2025-08-13,Seattle,International,Sea,Carrier B,2.54,434.9,4939.2,15,13,-2,1381.46,6.7,1,0,4.3
1745,2025-07-18,Chicago,Southwest,Rail,Carrier D,5.83,938.7,892.7,3,1,-2,682.86,9.2,1,0,5.0
1746,2025-10-06,Los Angeles,Southwest,Road,Carrier B,0.51,80.2,1070.8,3,2,-1,1270.39,6.8,1,0,5.0
1747,2025-07-11,Los Angeles,Midwest,Sea,Carrier A,3.99,703.1,685.7,3,3,0,281.28,5.6,1,0,4.3
1748,2025-11-15,Seattle,Northeast,Road,Carrier A,2.17,234.8,568.0,2,2,0,855.74,14.2,1,0,4.51
1749,2025-04-28,Seattle,Southwest,Air,Carrier C,4.1,667.1,1241.5,2,2,0,4997.85,15.8,1,0,4.93
1750,2025-01-04,Los Angeles,Northeast,Road,Carrier A,1.6,254.7,955.8,2,1,-1,1202.31,10.5,1,0,4.95
1751,2025-05-14,Los Angeles,Northeast,Rail,Carrier D,4.17,438.1,889.2,3,2,-1,626.9,9.3,1,0,5.0
1752,2025-12-19,Chicago,Northeast,Road,Carrier D,1.59,147.2,873.6,3,2,-1,1196.85,7.7,1,1,3.4
1753,2025-08-08,Newark,Northeast,Sea,Carrier B,0.19,26.7,767.7,3,1,-2,227.8,16.2,1,0,5.0
1754,2025-01-25,Chicago,Southeast,Rail,Carrier C,1.27,149.8,721.7,3,6,3,455.57,7.6,0,0,3.69
1755,2025-12-25,Dallas,Southwest,Road,Carrier A,3.24,622.7,1329.4,3,4,1,1841.1,6.6,0,0,5.0
1756,2025-08-19,Chicago,West,Road,Carrier B,4.28,403.2,1296.3,3,2,-1,1709.6,13.2,1,0,5.0
1757,2025-03-23,Chicago,Southwest,Air,Carrier C,1.06,123.4,1568.9,2,2,0,6127.46,14.4,1,0,4.81
1758,2025-08-25,Dallas,Midwest,Road,Carrier B,9.51,1086.6,461.9,2,1,-1,810.9,15.0,1,0,5.0
1759,2025-03-11,Chicago,Southwest,Road,Carrier D,3.16,613.5,924.3,2,2,0,1175.76,7.4,1,0,4.36
1760,2025-04-13,Dallas,Northeast,Air,Carrier B,1.81,376.4,1130.4,2,2,0,4426.03,13.8,1,0,4.95
1761,2025-08-03,Seattle,West,Road,Carrier A,3.7,430.6,1751.6,4,3,-1,2296.32,14.6,1,0,5.0
1762,2025-08-03,Newark,Southwest,Road,Carrier A,2.82,336.4,1106.6,3,3,0,1353.07,6.0,1,0,4.88
1763,2025-12-30,Dallas,West,Road,Carrier A,9.92,1351.1,1329.7,2,4,2,2102.34,11.8,0,0,4.2
1764,2025-08-31,Seattle,Southeast,Road,Carrier A,2.67,271.7,1050.8,3,4,1,1250.62,3.4,0,0,3.8
1765,2025-03-17,Dallas,Southwest,Sea,Carrier B,0.6,49.9,1156.0,4,5,1,323.54,7.7,0,0,4.88
1766,2025-02-03,Dallas,International,Air,Carrier A,3.98,476.8,3909.4,2,2,0,14271.75,6.7,1,0,4.73
1767,2025-09-16,Los Angeles,Midwest,Sea,Carrier A,2.41,244.5,714.4,3,1,-2,237.03,4.4,1,0,4.85
1768,2025-11-13,Seattle,Southeast,Road,Carrier D,3.05,552.1,1021.9,3,5,2,1390.75,3.7,0,0,4.92
1769,2025-07-23,Los Angeles,Southeast,Sea,Carrier C,2.76,386.3,1081.5,4,5,1,380.4,14.9,0,0,4.8
1770,2025-06-21,Chicago,West,Road,Carrier A,3.09,347.9,1208.8,3,1,-2,1595.43,14.5,1,0,4.28
1771,2025-08-31,Newark,Northeast,Road,Carrier B,4.44,795.5,920.8,3,3,0,1278.1,14.2,1,0,4.91
1772,2025-02-13,Seattle,West,Air,Carrier D,1.9,386.1,1573.3,2,1,-1,6217.31,15.2,1,0,4.8
1773,2025-06-08,Newark,Midwest,Rail,Carrier A,1.01,208.1,302.0,1,2,1,198.4,3.5,0,0,4.72
1774,2025-10-25,Seattle,Southwest,Road,Carrier C,3.99,779.2,901.2,2,2,0,1182.8,8.5,1,0,5.0
1775,2025-10-07,Seattle,Southwest,Road,Carrier A,4.43,680.6,1133.1,3,1,-2,1587.93,17.9,1,0,5.0
1776,2025-11-23,Los Angeles,West,Air,Carrier D,1.38,186.0,967.9,1,2,1,4135.74,11.2,0,0,4.36
1777,2025-09-16,Los Angeles,Northeast,Rail,Carrier A,1.88,293.2,684.4,2,3,1,488.39,16.5,0,0,4.51
1778,2025-08-31,Dallas,Midwest,Rail,Carrier B,1.57,144.1,396.6,2,3,1,261.56,5.1,0,0,4.79
1779,2025-06-21,Dallas,West,Road,Carrier A,2.06,396.8,1183.4,3,3,0,1560.75,15.4,1,0,4.99
1780,2025-06-08,Seattle,Southeast,Road,Carrier B,5.01,448.4,1235.9,3,2,-1,1569.17,7.7,1,0,5.0
1781,2025-01-15,Chicago,International,Sea,Carrier B,5.35,457.3,5649.8,17,14,-3,1753.52,15.7,1,1,2.98
1782,2025-07-16,Newark,Northeast,Rail,Carrier C,3.0,305.5,502.3,2,2,0,373.86,11.1,1,0,5.0
1783,2025-02-21,Seattle,Midwest,Sea,Carrier A,1.54,204.2,532.0,2,3,1,176.86,6.3,0,0,4.61
1784,2025-10-21,Newark,Southwest,Air,Carrier B,0.81,84.3,1162.8,1,1,0,4593.16,15.7,1,0,4.98
1785,2025-02-17,Los Angeles,Southwest,Sea,Carrier A,2.37,248.1,1408.9,5,2,-3,432.65,8.1,1,0,4.65
1786,2025-03-16,Newark,Midwest,Road,Carrier C,7.83,1632.1,360.1,1,2,1,694.52,16.7,0,0,4.65
1787,2025-01-21,Chicago,Midwest,Sea,Carrier B,7.51,802.1,462.5,3,1,-2,316.08,17.8,1,0,4.67
1788,2025-03-13,Atlanta,Southeast,Road,Carrier C,1.64,291.9,843.5,2,2,0,1049.22,8.5,1,0,4.42
1789,2025-11-10,Seattle,Southwest,Road,Carrier A,1.3,182.7,1374.9,3,4,1,1991.73,15.4,0,0,4.44
1790,2025-07-02,Dallas,Midwest,Road,Carrier A,0.56,114.6,460.4,2,2,0,542.96,4.3,1,0,5.0
1791,2025-12-01,Newark,Southwest,Road,Carrier A,0.72,71.9,1016.5,3,5,2,1480.37,16.7,0,0,4.0
1792,2025-04-12,Los Angeles,West,Air,Carrier B,3.08,265.3,1057.5,1,1,0,4188.48,14.6,1,0,4.13
1793,2025-07-05,Newark,West,Air,Carrier D,2.69,358.1,1621.9,2,2,0,5767.81,3.5,1,0,4.93
1794,2025-08-01,Seattle,West,Air,Carrier A,2.51,475.8,1619.0,1,1,0,6528.89,17.3,1,0,5.0
1795,2025-07-29,Atlanta,Southeast,Rail,Carrier B,4.73,381.7,1357.6,3,1,-2,937.89,12.1,1,0,5.0
1796,2025-08-30,Newark,Southwest,Sea,Carrier A,6.38,757.5,859.6,3,4,1,371.84,6.7,0,0,4.66
1797,2025-10-20,Chicago,West,Air,Carrier A,2.09,185.2,1673.3,1,1,0,6256.84,9.2,1,0,5.0
1798,2025-08-07,Atlanta,West,Rail,Carrier A,2.47,309.7,1098.3,3,2,-1,772.22,17.6,1,0,4.77
1799,2025-09-01,Chicago,West,Rail,Carrier A,1.54,132.3,1232.2,3,3,0,825.67,16.7,1,0,5.0
1800,2025-10-21,Seattle,West,Air,Carrier A,8.5,1394.2,1384.6,2,2,0,5096.2,3.9,1,0,5.0
1801,2025-11-13,Newark,West,Road,Carrier B,3.48,350.4,825.6,3,4,1,1229.91,12.3,0,0,4.54
1802,2025-10-27,Atlanta,West,Road,Carrier B,11.53,1213.8,1483.2,3,2,-1,2141.19,14.8,1,0,4.75
1803,2025-02-20,Dallas,Midwest,Air,Carrier C,8.56,1040.1,632.6,1,1,0,2713.67,16.4,1,0,4.8
1804,2025-08-26,Chicago,West,Road,Carrier D,1.9,290.0,1459.8,3,3,0,1887.85,14.5,1,0,4.97
1805,2025-08-03,Seattle,Southeast,Road,Carrier B,2.9,513.7,442.2,2,3,1,603.34,8.6,0,0,5.0
1806,2025-09-17,Newark,Midwest,Rail,Carrier C,4.15,708.0,269.2,2,1,-1,255.33,3.9,1,0,4.98
1807,2025-10-17,Seattle,International,Sea,Carrier B,0.57,72.2,7774.8,23,22,-1,2084.96,6.6,1,0,4.71
1808,2025-09-06,Los Angeles,Midwest,Air,Carrier B,3.6,508.4,623.9,2,2,0,2273.17,3.3,1,0,5.0
1809,2025-01-18,Newark,Southwest,Sea,Carrier A,0.54,106.7,692.0,3,5,2,204.66,9.8,0,0,4.48
1810,2025-04-03,Los Angeles,Northeast,Air,Carrier B,1.78,170.5,714.5,1,2,1,2600.25,5.5,0,0,5.0
1811,2025-05-23,Los Angeles,West,Road,Carrier A,8.22,1578.9,1348.5,3,4,1,1845.7,9.5,0,0,4.31
1812,2025-05-09,Seattle,Southwest,Air,Carrier D,3.74,666.7,1090.7,1,1,0,4131.9,8.8,1,0,5.0
1813,2025-08-23,Seattle,Southeast,Road,Carrier A,2.36,467.1,843.9,3,2,-1,1027.54,4.1,1,0,5.0
1814,2025-03-24,Chicago,Northeast,Road,Carrier B,2.43,423.3,1119.7,2,3,1,1393.7,8.1,0,0,4.86
1815,2025-07-25,Atlanta,Midwest,Road,Carrier B,5.94,1076.2,766.1,2,2,0,1109.76,12.6,1,0,4.96
1816,2025-04-21,Dallas,Southeast,Air,Carrier B,1.55,182.0,806.9,1,1,0,3036.81,9.4,1,0,5.0
1817,2025-11-07,Seattle,Southeast,Road,Carrier A,6.77,1109.4,843.4,2,3,1,1416.62,16.6,0,0,5.0
1818,2025-04-25,Los Angeles,International,Air,Carrier A,0.84,79.3,4513.9,2,2,0,17269.02,12.4,1,0,4.63
1819,2025-12-23,Chicago,Midwest,Road,Carrier D,0.91,92.7,446.6,2,2,0,612.91,7.4,1,0,5.0
1820,2025-09-01,Newark,Southwest,Road,Carrier A,5.82,1231.5,1223.7,2,1,-1,1623.42,8.6,1,0,5.0
1821,2025-07-17,Seattle,Northeast,Road,Carrier A,1.45,236.6,641.1,2,1,-1,815.65,10.4,1,0,5.0
1822,2025-10-28,Newark,Southwest,Road,Carrier A,5.69,1223.4,1440.7,3,5,2,1949.42,12.6,0,0,4.65
1823,2025-11-07,Atlanta,Southwest,Road,Carrier A,3.84,455.5,915.9,2,2,0,1259.94,3.4,1,0,5.0
1824,2025-12-23,Atlanta,Southeast,Road,Carrier A,3.0,628.9,680.4,2,4,2,997.87,8.0,0,0,4.48
1825,2025-09-03,Seattle,Southeast,Road,Carrier B,2.65,372.6,1122.1,2,2,0,1343.12,3.9,1,0,5.0
1826,2025-08-20,Chicago,International,Air,Carrier D,2.03,254.4,5508.2,3,2,-1,20347.89,8.4,1,0,5.0
1827,2025-01-07,Newark,Northeast,Sea,Carrier D,3.22,425.6,424.8,2,1,-1,193.18,9.9,1,0,5.0
1828,2025-07-13,Seattle,Southwest,Air,Carrier B,0.93,161.2,1406.2,2,3,1,5259.43,9.5,0,0,4.23
1829,2025-05-24,Atlanta,Midwest,Road,Carrier B,5.85,992.5,590.9,2,1,-1,864.55,9.8,1,0,4.82
1830,2025-12-08,Seattle,Midwest,Air,Carrier A,9.65,1798.2,526.7,1,2,1,2619.83,15.5,0,0,4.08
1831,2025-06-16,Dallas,Northeast,Road,Carrier A,2.53,427.5,717.3,2,2,0,969.56,14.3,1,0,5.0
1832,2025-06-03,Los Angeles,West,Road,Carrier B,3.26,594.8,1409.7,3,4,1,1859.04,14.1,0,0,3.86
1833,2025-01-20,Los Angeles,Midwest,Air,Carrier C,1.82,397.3,301.2,1,1,0,1109.99,3.6,1,0,4.55
1834,2025-10-05,Atlanta,West,Sea,Carrier A,2.43,323.7,1951.9,6,6,0,602.76,11.5,1,0,5.0
1835,2025-06-19,Newark,International,Sea,Carrier C,0.44,66.4,7905.6,23,18,-5,2228.59,12.2,1,0,5.0
1836,2025-01-14,Seattle,Southwest,Road,Carrier A,4.88,886.7,1376.6,3,3,0,1902.54,16.6,1,0,5.0
1837,2025-03-20,Atlanta,Southwest,Air,Carrier B,3.95,449.0,1034.1,2,3,1,4043.97,12.4,0,0,4.77
1838,2025-09-20,Newark,Midwest,Air,Carrier B,2.59,252.0,349.0,1,1,0,1343.14,8.5,1,0,5.0
1839,2025-09-06,Chicago,Midwest,Road,Carrier C,1.23,193.8,436.1,2,2,0,587.59,15.7,1,0,5.0
1840,2025-12-14,Chicago,Midwest,Road,Carrier D,2.28,235.5,399.6,1,3,2,606.34,11.5,0,0,4.69
1841,2025-03-28,Chicago,Southwest,Road,Carrier B,6.26,871.1,694.1,2,2,0,999.11,10.9,1,0,5.0
1842,2025-11-25,Newark,Northeast,Road,Carrier B,10.47,1263.9,691.7,2,4,2,1162.6,5.8,0,0,4.44
1843,2025-07-29,Dallas,Midwest,Rail,Carrier D,2.81,469.7,556.6,2,1,-1,394.53,6.1,1,0,5.0
1844,2025-10-21,Dallas,Southeast,Air,Carrier A,5.48,1060.2,877.9,1,1,0,3272.76,4.9,1,0,5.0
1845,2025-02-02,Atlanta,Southeast,Road,Carrier B,4.98,520.5,594.2,2,3,1,782.28,3.7,0,0,4.49
1846,2025-03-06,Newark,Midwest,Road,Carrier B,1.09,207.6,570.1,2,3,1,705.57,7.9,0,0,4.8
1847,2025-01-14,Chicago,Northeast,Rail,Carrier C,2.03,396.1,1086.8,3,3,0,686.88,6.0,1,0,5.0
1848,2025-05-22,Newark,Southeast,Road,Carrier A,2.0,206.1,1160.0,3,3,0,1526.96,16.0,1,0,4.23
1849,2025-04-15,Dallas,Southwest,Sea,Carrier B,2.7,265.0,994.5,4,7,3,342.2,13.2,0,0,4.55
1850,2025-02-03,Chicago,Midwest,Air,Carrier A,2.75,440.7,432.2,1,1,0,1698.21,10.8,1,0,5.0
1851,2025-09-15,Atlanta,Southeast,Road,Carrier B,2.34,274.0,775.3,2,1,-1,1044.06,15.8,1,0,4.8
1852,2025-09-02,Chicago,Southwest,Rail,Carrier C,6.5,747.8,1017.9,3,3,0,799.03,15.0,1,0,5.0
1853,2025-02-13,Los Angeles,Northeast,Air,Carrier B,1.71,257.3,589.5,1,1,0,2242.88,9.8,1,0,5.0
1854,2025-04-10,Dallas,West,Road,Carrier B,0.45,73.3,1557.1,4,5,1,1788.77,3.8,0,0,4.26
1855,2025-06-18,Seattle,West,Road,Carrier A,3.34,662.6,1648.9,4,4,0,1961.48,3.4,1,0,5.0
1856,2025-12-05,Atlanta,West,Rail,Carrier B,2.47,285.2,1708.4,4,2,-2,1287.47,16.0,1,1,3.39
1857,2025-01-12,Atlanta,Northeast,Sea,Carrier C,3.55,437.0,911.6,4,5,1,339.63,12.1,0,0,5.0
1858,2025-10-08,Dallas,Northeast,Rail,Carrier B,1.34,111.9,627.0,3,4,1,426.8,15.2,0,0,5.0
1859,2025-12-25,Chicago,Midwest,Road,Carrier A,1.31,227.1,370.2,2,2,0,560.97,14.3,1,0,5.0
1860,2025-10-19,Chicago,Southwest,Road,Carrier B,3.29,348.4,868.2,2,2,0,1122.89,9.9,1,0,5.0
1861,2025-08-10,Dallas,Midwest,Road,Carrier B,2.55,404.8,461.3,2,4,2,620.87,9.7,0,0,3.75
1862,2025-11-01,Dallas,Northeast,Road,Carrier A,1.92,401.7,936.0,2,3,1,1269.39,5.1,0,0,4.9
1863,2025-04-23,Newark,West,Rail,Carrier A,0.1,19.7,1728.4,4,5,1,990.26,3.9,0,0,4.75
1864,2025-07-29,Dallas,Midwest,Road,Carrier C,3.85,835.2,466.2,2,3,1,692.04,13.0,0,0,5.0
1865,2025-04-02,Newark,Southeast,Air,Carrier A,2.53,524.2,837.2,1,1,0,3123.15,7.3,1,0,5.0
1866,2025-03-05,Seattle,Midwest,Road,Carrier A,6.91,779.6,317.4,1,1,0,550.4,11.9,1,0,5.0
1867,2025-05-25,Los Angeles,Northeast,Road,Carrier B,2.56,268.6,968.2,2,1,-1,1284.43,15.0,1,0,4.93
1868,2025-06-22,Dallas,Southwest,Road,Carrier C,7.85,1500.7,916.5,3,2,-1,1244.17,3.6,1,0,4.8
1869,2025-04-13,Newark,West,Air,Carrier D,2.1,461.6,857.1,1,1,0,3084.51,3.9,1,0,5.0
1870,2025-03-30,Newark,International,Sea,Carrier D,1.41,152.6,4823.3,15,11,-4,1343.28,8.8,1,0,4.93
1871,2025-06-17,Los Angeles,Southeast,Road,Carrier C,1.33,269.8,663.1,2,1,-1,804.11,5.4,1,0,4.84
1872,2025-06-15,Seattle,Midwest,Road,Carrier C,3.72,814.8,331.3,1,1,0,484.53,5.1,1,0,5.0
1873,2025-02-12,Dallas,Northeast,Rail,Carrier D,2.76,272.9,881.1,3,2,-1,587.74,8.9,1,0,4.96
1874,2025-10-23,Los Angeles,West,Road,Carrier A,1.1,156.3,524.0,2,3,1,678.27,12.9,0,0,4.88
1875,2025-03-11,Los Angeles,International,Sea,Carrier A,0.48,46.4,7669.3,23,26,3,2158.06,12.0,0,0,3.94
1876,2025-06-28,Los Angeles,Southeast,Road,Carrier A,2.61,545.4,632.7,1,1,0,874.48,14.7,1,0,5.0
1877,2025-11-28,Chicago,International,Sea,Carrier B,7.06,1280.0,8061.4,24,26,2,2777.82,13.5,0,0,4.52
1878,2025-02-16,Dallas,Northeast,Air,Carrier D,4.5,929.8,889.3,2,2,0,3655.42,16.5,1,0,5.0
1879,2025-04-20,Dallas,West,Road,Carrier A,2.3,277.2,1610.4,3,4,1,2096.33,15.2,0,0,4.94
1880,2025-06-07,Los Angeles,Southeast,Road,Carrier C,2.96,468.3,915.6,2,1,-1,1185.61,10.3,1,0,5.0
1881,2025-09-23,Atlanta,Southeast,Road,Carrier A,9.51,979.8,1074.9,3,3,0,1554.04,13.1,1,1,3.57
1882,2025-10-16,Newark,Northeast,Road,Carrier A,4.93,895.7,697.3,2,2,0,990.36,11.8,1,0,4.83
1883,2025-02-24,Chicago,Southeast,Rail,Carrier B,4.25,480.4,880.2,3,4,1,593.53,3.8,0,0,4.2
1884,2025-06-09,Newark,Midwest,Rail,Carrier C,2.65,219.2,757.4,3,3,0,504.24,7.9,1,0,5.0
1885,2025-05-20,Newark,Northeast,Road,Carrier D,0.6,76.0,979.3,2,2,0,1129.19,3.6,1,0,5.0
1886,2025-09-28,Dallas,West,Road,Carrier B,0.37,57.8,1443.3,3,3,0,1801.9,12.9,1,0,4.91
1887,2025-07-22,Atlanta,Southwest,Road,Carrier C,2.62,493.3,1038.9,3,3,0,1401.05,16.1,1,0,5.0
1888,2025-05-09,Dallas,Northeast,Rail,Carrier A,8.16,1525.4,803.3,2,3,1,740.45,15.6,0,0,5.0
1889,2025-06-03,Dallas,Southwest,Rail,Carrier A,6.5,897.1,979.8,3,5,2,801.11,17.6,0,0,3.46
1890,2025-08-20,Los Angeles,Northeast,Road,Carrier B,2.65,321.2,848.1,2,2,0,1041.08,5.3,1,0,5.0
1891,2025-07-27,Los Angeles,Northeast,Air,Carrier B,0.66,66.0,856.5,1,1,0,3030.59,3.6,1,0,5.0
1892,2025-10-20,Dallas,Northeast,Road,Carrier C,0.68,143.0,828.1,2,1,-1,1018.38,9.7,1,0,4.32
1893,2025-10-13,Dallas,Northeast,Air,Carrier A,3.26,459.4,478.9,1,1,0,1805.46,6.2,1,0,4.95
1894,2025-10-03,Atlanta,Southwest,Air,Carrier C,1.06,206.6,1106.7,1,1,0,4209.48,11.1,1,0,5.0
1895,2025-06-04,Seattle,Southeast,Sea,Carrier B,3.03,256.2,1080.9,4,4,0,376.48,14.6,1,0,5.0
1896,2025-10-06,Seattle,Southeast,Road,Carrier A,1.68,193.7,1206.4,3,2,-1,1406.96,3.3,1,0,5.0
1897,2025-10-23,Newark,West,Rail,Carrier A,2.58,501.3,1410.1,4,5,1,980.26,16.8,0,0,4.99
1898,2025-08-26,Newark,Midwest,Road,Carrier C,2.78,229.5,323.4,1,1,0,464.03,13.5,1,0,5.0
1899,2025-01-31,Dallas,West,Rail,Carrier C,5.82,1129.6,1090.7,3,3,0,813.52,9.4,1,0,4.96
1900,2025-12-02,Chicago,West,Road,Carrier C,6.03,559.2,586.3,2,2,0,997.7,16.7,1,0,4.75
1901,2025-06-15,Atlanta,Southwest,Road,Carrier A,2.45,199.6,532.9,2,1,-1,700.56,10.7,1,0,5.0
1902,2025-05-26,Atlanta,International,Rail,Carrier A,1.03,144.8,3447.0,8,10,2,2235.08,16.5,0,0,4.13
1903,2025-11-06,Atlanta,Southwest,Rail,Carrier C,4.83,500.1,805.1,3,4,1,657.18,8.6,0,0,4.42
1904,2025-10-15,Seattle,International,Sea,Carrier A,1.18,147.4,5423.7,17,20,3,1592.2,15.3,0,0,3.33
1905,2025-01-23,Chicago,Southeast,Road,Carrier A,8.22,1510.2,651.0,2,3,1,980.75,7.2,0,0,4.65
1906,2025-05-16,Atlanta,West,Air,Carrier C,8.24,1799.8,2120.8,2,2,0,8552.76,15.2,1,0,4.76
1907,2025-07-26,Los Angeles,West,Road,Carrier B,0.34,40.9,1885.6,3,3,0,2408.12,15.7,1,0,5.0
1908,2025-07-09,Newark,West,Rail,Carrier A,2.08,417.3,1916.7,5,4,-1,1157.11,4.6,1,0,4.97
1909,2025-01-30,Chicago,Midwest,Air,Carrier B,1.01,179.6,496.2,1,1,0,1844.81,7.8,1,1,3.57
1910,2025-11-25,Seattle,Southeast,Air,Carrier A,3.37,691.7,764.7,1,2,1,3404.38,13.2,0,0,3.66
1911,2025-04-03,Atlanta,Northeast,Air,Carrier C,2.8,262.2,515.5,1,1,0,2035.57,12.6,1,0,5.0
1912,2025-06-19,Dallas,Northeast,Rail,Carrier A,0.78,97.9,688.2,2,4,2,457.96,15.9,0,0,4.14
1913,2025-09-26,Atlanta,Southwest,Road,Carrier A,7.33,1219.1,1284.1,2,2,0,1822.6,15.1,1,0,5.0
1914,2025-08-02,Chicago,Northeast,Road,Carrier A,0.61,122.8,749.6,2,1,-1,965.75,15.0,1,0,5.0
1915,2025-07-17,Dallas,Southwest,Road,Carrier C,6.02,883.8,1255.3,3,3,0,1718.42,13.4,1,0,5.0
1916,2025-04-01,Dallas,Northeast,Sea,Carrier D,3.29,667.9,803.3,3,2,-1,319.82,12.8,1,0,4.83
1917,2025-08-16,Chicago,Northeast,Road,Carrier B,3.77,691.9,826.4,3,3,0,1091.17,9.1,1,0,4.8
1918,2025-04-19,Atlanta,West,Road,Carrier A,2.34,284.7,1197.2,3,3,0,1560.22,14.2,1,0,5.0
1919,2025-02-15,Dallas,Northeast,Road,Carrier A,1.96,328.5,902.4,3,4,1,1183.9,14.0,0,0,5.0
1920,2025-07-01,Newark,Northeast,Air,Carrier D,3.76,519.6,962.8,1,1,0,3926.46,17.0,1,0,4.46
1921,2025-03-19,Newark,West,Road,Carrier C,1.48,243.6,1355.6,3,4,1,1661.41,8.9,0,0,4.7
1922,2025-06-30,Los Angeles,Midwest,Road,Carrier A,10.77,2032.8,554.8,2,4,2,975.61,11.7,0,0,3.65
1923,2025-04-24,Atlanta,West,Sea,Carrier B,3.72,577.7,1276.8,5,8,3,441.45,9.3,0,0,4.06
1924,2025-09-09,Dallas,West,Road,Carrier D,3.38,463.1,910.8,3,3,0,1216.72,13.1,1,0,5.0
1925,2025-02-18,Chicago,West,Road,Carrier B,5.2,998.4,917.8,3,3,0,1274.1,12.0,1,0,5.0
1926,2025-03-28,Seattle,International,Sea,Carrier A,2.3,352.7,5151.9,16,15,-1,1456.75,8.7,1,0,4.76
1927,2025-07-17,Los Angeles,Southeast,Air,Carrier A,3.9,850.9,989.9,1,1,0,4011.07,15.7,1,0,5.0
1928,2025-02-13,Newark,Southwest,Rail,Carrier B,3.97,834.7,840.1,3,1,-2,602.74,7.0,1,0,4.89
1929,2025-01-25,Dallas,West,Sea,Carrier A,3.09,439.0,1693.5,6,7,1,526.02,7.0,0,0,5.0
1930,2025-11-13,Dallas,Midwest,Air,Carrier A,6.66,1196.1,470.5,1,2,1,2065.37,4.8,0,0,4.85
1931,2025-06-04,Seattle,Midwest,Road,Carrier A,0.38,76.2,433.3,2,2,0,563.35,15.9,1,0,5.0
1932,2025-07-29,Newark,Midwest,Air,Carrier C,5.27,726.7,663.2,1,1,0,2481.75,4.7,1,0,5.0
1933,2025-11-26,Seattle,Northeast,Sea,Carrier B,1.15,182.9,693.9,3,7,4,243.25,8.7,0,0,3.02
1934,2025-01-21,Atlanta,International,Rail,Carrier A,4.92,972.6,6137.3,13,12,-1,3854.77,10.2,1,0,4.67
1935,2025-08-18,Seattle,Southwest,Road,Carrier B,1.51,137.7,1141.5,3,1,-2,1385.48,7.8,1,0,5.0
1936,2025-12-25,Chicago,Midwest,Air,Carrier A,1.41,241.2,587.0,1,2,1,2656.39,16.9,0,0,4.86
1937,2025-01-01,Seattle,Southeast,Road,Carrier C,3.43,353.5,864.9,3,2,-1,1053.13,3.2,1,0,4.69
1938,2025-12-04,Chicago,Southeast,Air,Carrier C,1.85,254.7,747.9,2,3,1,3318.6,14.7,0,0,4.07
1939,2025-02-28,Dallas,Southwest,Road,Carrier C,3.7,391.8,1108.6,2,1,-1,1517.27,17.2,1,0,4.46
1940,2025-01-11,Newark,West,Road,Carrier C,2.31,285.1,1154.4,2,1,-1,1461.16,10.8,1,0,5.0
1941,2025-03-17,Chicago,Southeast,Rail,Carrier A,5.38,552.6,887.3,2,3,1,638.11,7.0,0,0,4.44
1942,2025-03-24,Dallas,Northeast,Rail,Carrier B,4.63,479.5,501.0,2,5,3,405.18,9.8,0,0,3.52
1943,2025-12-08,Seattle,Southeast,Road,Carrier A,1.96,211.4,706.1,2,3,1,989.73,8.2,0,0,5.0
1944,2025-06-14,Newark,West,Road,Carrier B,0.7,92.5,1019.8,2,3,1,1189.09,4.6,0,0,4.58
1945,2025-02-05,Dallas,Southeast,Road,Carrier B,4.6,939.6,1184.2,3,3,0,1594.4,12.4,1,0,5.0
1946,2025-12-15,Chicago,Southwest,Air,Carrier C,2.17,204.4,1150.0,2,4,2,4754.85,7.4,0,0,4.41
1947,2025-04-19,Dallas,Midwest,Road,Carrier C,9.52,1092.9,645.2,2,1,-1,1035.14,14.1,1,0,4.75
1948,2025-05-29,Seattle,Southwest,Sea,Carrier A,1.39,283.2,957.7,4,3,-1,290.4,5.8,1,0,5.0
1949,2025-07-15,Atlanta,Southeast,Road,Carrier A,0.87,147.3,1490.8,3,5,2,1776.49,7.0,0,0,4.27
1950,2025-09-05,Newark,Northeast,Rail,Carrier A,1.59,338.9,894.8,3,2,-1,600.05,12.6,1,0,5.0
1951,2025-10-01,Los Angeles,Southeast,Road,Carrier B,2.52,211.4,1470.5,3,2,-1,1910.87,14.7,1,0,4.86
1952,2025-08-26,Los Angeles,Northeast,Sea,Carrier C,6.76,634.0,457.2,2,4,2,257.48,4.1,0,0,4.03
1953,2025-08-18,Newark,International,Sea,Carrier C,1.78,142.8,9992.7,29,29,0,2962.5,17.0,1,0,5.0
1954,2025-11-10,Chicago,Southeast,Sea,Carrier A,1.4,239.2,1102.5,4,7,3,361.12,4.5,0,0,3.06
1955,2025-11-20,Los Angeles,Midwest,Road,Carrier C,0.54,92.4,528.2,2,3,1,720.1,8.3,0,0,4.19
1956,2025-09-17,Dallas,Northeast,Road,Carrier D,5.02,1060.5,986.9,2,1,-1,1313.47,8.2,1,0,5.0
1957,2025-12-22,Los Angeles,Midwest,Road,Carrier B,3.2,443.8,723.3,2,3,1,1011.51,4.3,0,1,3.03
1958,2025-11-23,Seattle,Northeast,Road,Carrier A,3.92,794.7,850.4,2,3,1,1294.59,11.8,0,0,4.56
1959,2025-07-24,Newark,Southeast,Sea,Carrier A,0.96,133.3,920.8,4,1,-3,274.12,9.1,1,0,4.93
1960,2025-12-14,Newark,Southwest,Sea,Carrier C,10.11,1190.9,853.0,3,3,0,518.7,9.1,1,0,5.0
1961,2025-02-07,Atlanta,West,Road,Carrier B,2.69,318.0,1388.2,3,3,0,1749.51,10.5,1,0,5.0
1962,2025-04-15,Chicago,Northeast,Road,Carrier B,0.33,40.5,839.2,3,3,0,1064.02,14.4,1,0,5.0
1963,2025-04-18,Newark,Midwest,Road,Carrier A,2.68,276.8,550.4,2,2,0,737.27,11.8,1,0,5.0
1964,2025-09-18,Los Angeles,International,Sea,Carrier C,2.34,406.9,6693.5,20,20,0,2008.95,16.2,1,0,4.91
1965,2025-05-17,Chicago,West,Road,Carrier B,1.92,271.8,1574.4,3,4,1,1949.86,9.9,0,1,3.32
1966,2025-02-12,Seattle,Southeast,Sea,Carrier C,1.1,159.4,794.5,3,9,6,240.02,7.6,0,0,2.19
1967,2025-07-31,Los Angeles,Southeast,Air,Carrier A,4.44,485.1,1175.1,1,1,0,4425.35,8.3,1,0,4.23
1968,2025-09-26,Dallas,Midwest,Sea,Carrier C,0.75,72.1,707.4,3,6,3,207.98,8.5,0,0,3.78
1969,2025-05-23,Atlanta,West,Road,Carrier D,8.31,1268.8,1749.9,4,4,0,2476.53,17.2,1,0,5.0
1970,2025-11-25,Newark,Northeast,Air,Carrier D,2.16,302.6,1053.0,2,4,2,4510.12,11.0,0,0,4.26
1971,2025-05-29,Chicago,Southwest,Air,Carrier D,1.71,166.2,811.5,1,1,0,3245.48,16.2,1,0,5.0
1972,2025-12-03,Newark,Southeast,Road,Carrier D,3.91,432.2,999.0,3,3,0,1419.75,7.5,1,0,5.0
1973,2025-03-04,Newark,Northeast,Road,Carrier B,9.47,961.9,836.4,2,1,-1,1275.6,14.9,1,0,4.8
1974,2025-11-22,Newark,Southwest,Road,Carrier B,1.14,232.8,774.5,2,3,1,1020.92,3.5,0,0,4.88
1975,2025-11-06,Atlanta,Northeast,Road,Carrier C,2.69,472.3,817.0,2,3,1,1201.06,11.4,0,0,4.98
1976,2025-01-21,Dallas,International,Sea,Carrier A,5.07,594.9,8369.9,25,28,3,2409.29,9.6,0,0,3.97
1977,2025-01-30,Atlanta,Northeast,Air,Carrier A,0.35,53.8,806.5,1,1,0,2898.4,5.4,1,0,4.99
1978,2025-04-17,Chicago,Northeast,Road,Carrier B,0.83,95.1,853.3,2,2,0,1053.32,10.2,1,0,4.75
1979,2025-08-22,Dallas,West,Road,Carrier A,1.32,113.9,1625.5,4,3,-1,1895.08,4.5,1,0,4.88
1980,2025-05-16,Chicago,Southwest,Road,Carrier D,4.72,787.0,877.9,2,3,1,1168.36,8.6,0,0,4.99
1981,2025-08-10,Newark,International,Sea,Carrier C,7.33,813.4,6213.9,18,21,3,2005.64,17.7,0,0,2.81
1982,2025-01-06,Chicago,Southwest,Sea,Carrier B,5.78,1246.0,733.7,3,3,0,349.32,5.1,1,1,3.64
1983,2025-03-05,Los Angeles,Southeast,Air,Carrier A,1.35,217.2,975.7,1,1,0,3914.32,16.9,1,0,5.0
1984,2025-10-15,Los Angeles,West,Road,Carrier A,3.11,376.0,2163.3,4,4,0,2621.14,7.2,1,0,5.0
1985,2025-08-27,Seattle,West,Air,Carrier B,5.12,883.3,1331.2,1,1,0,5065.37,9.0,1,0,4.48
1986,2025-12-28,Chicago,Southwest,Road,Carrier B,1.4,164.8,651.9,2,4,2,910.37,8.9,0,0,4.31
1987,2025-09-19,Dallas,International,Rail,Carrier B,3.66,600.1,4505.6,10,9,-1,2842.29,10.9,1,0,5.0
1988,2025-05-07,Newark,West,Rail,Carrier C,2.3,324.9,1599.5,4,2,-2,1053.21,13.2,1,0,5.0
1989,2025-02-21,Newark,West,Rail,Carrier D,5.34,563.1,1535.7,4,4,0,1093.93,14.8,1,0,5.0
1990,2025-05-05,Los Angeles,West,Rail,Carrier C,1.43,153.3,975.7,3,1,-2,603.04,6.6,1,0,5.0
1991,2025-04-29,Atlanta,Southwest,Road,Carrier C,1.12,112.9,1166.9,2,3,1,1411.84,8.1,0,0,5.0
1992,2025-06-10,Seattle,West,Air,Carrier C,2.72,314.3,1415.7,2,2,0,5595.59,14.9,1,0,5.0
1993,2025-12-02,Chicago,Northeast,Road,Carrier C,10.74,2258.8,995.3,3,5,2,1778.47,16.0,0,0,4.48
1994,2025-08-10,Atlanta,West,Road,Carrier A,1.65,342.0,1452.7,3,3,0,1746.51,6.5,1,0,4.98
1995,2025-08-16,Atlanta,Northeast,Road,Carrier C,5.25,514.9,562.8,2,1,-1,802.45,10.9,1,0,4.78
1996,2025-12-08,Chicago,Southwest,Road,Carrier A,1.54,164.0,977.0,2,2,0,1301.79,5.1,1,0,5.0
1997,2025-05-01,Newark,Southeast,Rail,Carrier C,2.19,281.2,1044.6,3,2,-1,683.57,10.0,1,0,5.0
1998,2025-03-29,Los Angeles,Midwest,Road,Carrier B,3.42,477.5,688.0,2,2,0,899.36,8.1,1,0,4.91
1999,2025-10-27,Dallas,Northeast,Rail,Carrier B,4.41,535.2,475.7,2,4,2,394.58,11.3,0,0,4.06
2000,2025-02-02,Los Angeles,Southeast,Road,Carrier B,5.48,933.6,1174.5,2,2,0,1592.72,12.1,1,0,4.23
2001,2025-07-10,Newark,Southwest,Air,Carrier B,1.68,231.3,756.6,2,2,0,2770.87,6.2,1,0,5.0
2002,2025-10-24,Seattle,International,Rail,Carrier A,0.37,71.7,6453.7,14,15,1,3957.17,11.2,0,0,5.0
2003,2025-11-15,Chicago,West,Road,Carrier B,1.25,242.8,1584.8,3,3,0,2143.99,7.9,1,0,4.53
2004,2025-01-20,Dallas,Southeast,Road,Carrier A,5.13,838.6,778.2,2,1,-1,1021.62,4.8,1,0,5.0
2005,2025-08-07,Atlanta,West,Sea,Carrier A,6.7,727.0,1629.9,6,4,-2,590.0,8.4,1,0,4.32
2006,2025-09-07,Newark,Southeast,Road,Carrier B,2.17,456.2,899.4,2,3,1,1217.11,16.5,0,0,4.58
2007,2025-07-27,Chicago,Midwest,Sea,Carrier C,9.05,1407.8,403.3,3,3,0,327.44,6.7,1,0,5.0
2008,2025-09-21,Los Angeles,West,Road,Carrier B,3.44,334.0,1322.4,3,3,0,1749.86,14.9,1,0,4.75
2009,2025-04-07,Chicago,Southeast,Road,Carrier C,2.12,232.1,698.1,2,3,1,932.94,15.0,0,0,5.0
2010,2025-02-15,Seattle,Southeast,Road,Carrier A,2.51,468.0,487.4,2,2,0,681.44,14.1,1,0,4.54
2011,2025-04-16,Newark,Northeast,Road,Carrier A,2.72,373.8,507.9,2,3,1,647.16,4.7,0,0,4.7
2012,2025-06-26,Atlanta,Midwest,Air,Carrier D,3.63,491.4,353.6,1,1,0,1349.12,5.3,1,0,4.43
2013,2025-01-08,Dallas,West,Air,Carrier A,2.07,428.6,1445.9,1,1,0,5639.3,13.5,1,0,5.0
2014,2025-05-09,Seattle,International,Sea,Carrier B,8.52,774.6,6823.0,21,20,-1,2053.93,9.7,1,0,4.03
2015,2025-11-02,Chicago,Midwest,Air,Carrier A,3.23,374.3,392.8,2,3,1,1801.91,14.7,0,0,4.56
2016,2025-03-25,Atlanta,Southwest,Road,Carrier A,2.12,423.8,899.4,2,1,-1,1159.1,11.2,1,0,4.6
2017,2025-09-30,Newark,Northeast,Sea,Carrier C,1.64,298.1,800.3,3,3,0,259.14,8.2,1,0,4.89
2018,2025-03-31,Dallas,Southeast,Air,Carrier D,6.77,687.5,1185.3,1,1,0,4557.71,9.4,1,0,5.0
2019,2025-07-01,Atlanta,Midwest,Road,Carrier B,2.65,523.6,574.3,2,3,1,761.09,9.1,0,0,4.41
2020,2025-06-24,Seattle,Northeast,Road,Carrier C,8.84,936.5,801.7,2,3,1,1169.48,10.2,0,0,4.61
2021,2025-10-24,Newark,Southeast,Road,Carrier C,0.18,16.2,1038.6,3,3,0,1209.07,5.5,1,0,5.0
2022,2025-10-24,Seattle,Northeast,Rail,Carrier C,3.38,532.1,865.6,3,5,2,614.89,11.1,0,0,3.82
2023,2025-09-30,Dallas,Southwest,Air,Carrier A,1.69,315.3,1266.0,2,2,0,4784.6,10.1,1,0,5.0
2024,2025-11-04,Seattle,International,Sea,Carrier B,1.48,236.7,5217.0,16,18,2,1602.27,6.9,0,0,4.53
2025,2025-02-13,Atlanta,Northeast,Road,Carrier C,3.69,572.7,764.1,2,2,0,977.18,5.7,1,0,4.76
2026,2025-02-18,Los Angeles,West,Road,Carrier B,3.8,309.0,2216.8,4,4,0,2749.45,9.5,1,0,4.51
2027,2025-02-05,Dallas,Midwest,Road,Carrier C,1.7,202.9,528.4,2,1,-1,671.71,8.9,1,0,5.0
2028,2025-01-14,Dallas,Northeast,Road,Carrier C,2.24,258.1,647.5,2,1,-1,855.12,12.7,1,0,5.0
2029,2025-09-01,Atlanta,Midwest,Rail,Carrier C,2.93,605.6,493.0,2,2,0,363.72,5.3,1,0,4.64
2030,2025-04-30,Atlanta,Midwest,Road,Carrier A,0.51,64.1,477.2,1,2,1,610.75,14.0,0,0,4.58
2031,2025-02-06,Seattle,Southwest,Road,Carrier A,2.5,207.8,739.4,2,3,1,956.8,11.1,0,0,4.18
2032,2025-03-14,Seattle,West,Road,Carrier A,6.28,1081.2,1504.0,4,3,-1,1982.8,10.0,1,0,5.0
2033,2025-09-03,Seattle,International,Rail,Carrier C,1.19,167.7,4003.4,9,8,-1,2528.93,13.5,1,0,5.0
2034,2025-12-26,Los Angeles,Southeast,Sea,Carrier B,0.85,132.7,691.4,3,3,0,241.12,12.0,1,0,5.0
2035,2025-03-09,Atlanta,West,Air,Carrier C,1.7,323.4,1504.3,2,1,-1,5403.66,4.8,1,0,4.45
2036,2025-09-12,Atlanta,International,Air,Carrier B,2.22,360.5,9110.5,3,3,0,33757.38,8.8,1,0,5.0
2037,2025-01-29,Dallas,Northeast,Rail,Carrier A,5.75,740.3,620.7,2,1,-1,488.75,5.2,1,0,4.82
2038,2025-11-10,Atlanta,Southeast,Road,Carrier D,2.44,414.7,753.3,2,4,2,1099.45,10.8,0,0,4.77
2039,2025-12-14,Atlanta,Southeast,Road,Carrier B,4.67,920.5,1108.3,2,1,-1,1668.86,11.6,1,0,4.49
2040,2025-06-28,Newark,Southeast,Rail,Carrier D,6.76,1037.4,480.7,2,3,1,447.66,7.2,0,0,4.92
2041,2025-05-10,Seattle,Northeast,Road,Carrier B,2.07,454.5,499.6,2,2,0,664.31,10.1,1,0,4.92
2042,2025-04-03,Seattle,Midwest,Road,Carrier C,3.26,285.8,473.3,2,3,1,656.22,12.4,0,0,4.32
2043,2025-12-24,Dallas,Southwest,Road,Carrier D,6.34,641.7,1019.2,3,2,-1,1562.94,11.8,1,1,3.86
2044,2025-07-08,Seattle,Southeast,Air,Carrier A,6.41,1109.9,596.1,1,2,1,2300.55,5.6,0,0,5.0
2045,2025-09-01,Seattle,West,Road,Carrier A,6.98,877.9,1308.0,3,2,-1,1752.38,10.4,1,0,4.63
2046,2025-06-26,Chicago,Southwest,Air,Carrier C,2.04,405.9,877.1,1,1,0,3230.12,6.5,1,0,5.0
2047,2025-04-08,Dallas,Midwest,Sea,Carrier A,2.21,376.9,389.8,2,7,5,164.98,10.4,0,0,2.84
2048,2025-08-08,Seattle,Southeast,Sea,Carrier D,2.82,323.7,764.4,3,5,2,257.14,3.0,0,0,3.99
2049,2025-10-08,Newark,Southwest,Road,Carrier B,4.66,392.6,1140.1,3,3,0,1471.24,9.5,1,0,5.0
2050,2025-04-04,Newark,Midwest,Road,Carrier C,4.4,716.4,366.7,2,3,1,555.23,9.9,0,0,5.0
2051,2025-11-25,Dallas,Northeast,Road,Carrier A,0.67,122.5,1005.1,2,3,1,1436.15,14.3,0,0,4.82
2052,2025-02-12,Atlanta,West,Sea,Carrier A,5.43,817.0,1819.8,6,4,-2,668.4,15.8,1,0,4.54
2053,2025-06-17,Los Angeles,Northeast,Road,Carrier A,1.51,172.3,704.1,2,1,-1,917.0,13.8,1,0,4.81
2054,2025-07-12,Dallas,Southeast,Road,Carrier B,1.77,305.9,957.6,2,1,-1,1198.19,9.4,1,0,4.35
2055,2025-09-27,Seattle,Northeast,Sea,Carrier D,2.7,427.4,777.8,3,2,-1,293.23,14.4,1,0,4.64
2056,2025-07-07,Newark,Northeast,Rail,Carrier C,8.75,1200.2,668.8,2,1,-1,609.46,9.0,1,1,3.19
2057,2025-11-29,Seattle,Southeast,Rail,Carrier A,5.87,537.8,1079.6,4,4,0,860.4,8.4,1,0,4.83
2058,2025-04-07,Atlanta,International,Sea,Carrier D,2.78,545.3,6679.8,20,21,1,1857.09,6.8,0,0,4.59
2059,2025-09-10,Chicago,Southeast,Air,Carrier C,9.4,1404.5,856.5,1,1,0,3401.21,8.9,1,0,5.0
2060,2025-04-05,Atlanta,Northeast,Road,Carrier B,2.53,464.4,1161.8,3,5,2,1400.78,4.6,0,0,3.97
2061,2025-08-17,Chicago,Southeast,Sea,Carrier B,2.67,559.9,856.7,4,6,2,290.99,3.1,0,0,4.04
2062,2025-05-22,Seattle,Midwest,Rail,Carrier C,2.9,362.9,345.8,2,3,1,289.9,15.1,0,0,4.59
2063,2025-10-12,Los Angeles,Northeast,Air,Carrier B,2.83,266.2,809.5,1,1,0,3072.1,9.4,1,0,4.51
2064,2025-02-26,Chicago,West,Air,Carrier D,2.28,387.9,849.3,1,1,0,3255.92,10.7,1,0,5.0
2065,2025-01-31,Chicago,Midwest,Sea,Carrier B,1.8,287.1,678.6,3,2,-1,244.98,16.1,1,0,5.0
2066,2025-05-21,Los Angeles,Northeast,Road,Carrier A,4.66,819.9,627.4,2,3,1,843.55,5.3,0,0,4.85
2067,2025-01-08,Dallas,Southeast,Sea,Carrier B,9.53,1397.3,867.5,3,1,-2,492.47,14.6,1,0,5.0
2068,2025-06-29,Seattle,Northeast,Road,Carrier D,1.31,266.9,579.1,2,2,0,785.86,17.3,1,0,5.0
2069,2025-09-18,Atlanta,Southeast,Rail,Carrier C,1.03,155.5,1255.8,3,5,2,841.75,17.9,0,0,4.24
2070,2025-11-04,Atlanta,West,Air,Carrier A,2.22,191.1,1281.3,1,2,1,5276.92,7.1,0,0,4.46
2071,2025-09-27,Chicago,Midwest,Road,Carrier B,1.78,342.7,377.4,2,1,-1,525.07,14.4,1,0,4.57
2072,2025-06-05,Chicago,Midwest,Sea,Carrier A,5.19,900.9,501.6,3,6,3,290.08,16.8,0,0,3.28
2073,2025-11-10,Los Angeles,Midwest,Road,Carrier B,4.22,854.5,634.4,2,3,1,1008.49,12.0,0,0,4.61
2074,2025-01-19,Dallas,Southeast,Road,Carrier B,11.95,2478.3,1250.8,3,3,0,1751.28,4.3,1,0,5.0
2075,2025-09-05,Los Angeles,Southwest,Sea,Carrier D,1.64,173.7,667.7,3,4,1,218.66,9.2,0,0,4.7
2076,2025-11-04,Dallas,West,Rail,Carrier D,9.4,1211.3,1484.9,4,7,3,1302.33,14.2,0,0,3.16
2077,2025-05-18,Atlanta,International,Sea,Carrier B,3.76,769.0,5761.0,18,19,1,1694.68,10.4,0,0,3.89
2078,2025-01-19,Newark,Southwest,Air,Carrier B,0.82,106.4,772.0,1,2,1,2964.62,12.2,0,0,4.8
2079,2025-08-29,Los Angeles,Southwest,Rail,Carrier B,4.48,930.0,709.3,2,2,0,587.51,16.6,1,0,5.0
2080,2025-10-19,Los Angeles,Southwest,Rail,Carrier A,7.67,656.0,1107.1,3,1,-2,790.87,4.5,1,0,5.0
2081,2025-03-28,Chicago,West,Road,Carrier B,5.55,1119.8,1098.7,2,2,0,1533.83,13.8,1,0,5.0
2082,2025-05-01,Los Angeles,Southeast,Road,Carrier B,2.51,383.3,1195.2,3,3,0,1612.91,17.6,1,0,5.0
2083,2025-06-08,Atlanta,Midwest,Air,Carrier B,0.97,203.2,511.8,1,2,1,1879.57,6.5,0,0,4.27
2084,2025-09-29,Atlanta,Southeast,Road,Carrier D,2.87,566.1,965.7,2,1,-1,1243.59,9.7,1,0,5.0
2085,2025-08-17,Newark,Southeast,Rail,Carrier B,6.39,661.2,804.2,3,5,2,623.85,9.2,0,0,4.05
2086,2025-10-05,Seattle,Northeast,Road,Carrier A,6.92,1520.3,690.1,2,3,1,1079.71,15.0,0,0,4.05
2087,2025-06-10,Chicago,Northeast,Road,Carrier A,3.79,307.1,735.1,2,2,0,1027.05,16.6,1,0,4.62
2088,2025-10-15,Seattle,Southwest,Rail,Carrier C,3.4,296.5,650.8,3,5,2,456.42,7.7,0,0,4.85
2089,2025-10-09,Seattle,Southeast,Air,Carrier C,2.54,347.4,152.3,1,2,1,661.19,15.3,0,0,4.26
2090,2025-10-10,Dallas,Midwest,Road,Carrier D,8.22,1256.4,570.6,2,2,0,904.9,11.2,1,0,5.0
2091,2025-02-14,Newark,Southeast,Road,Carrier B,2.42,290.0,848.8,2,2,0,1145.98,16.4,1,0,5.0
2092,2025-02-06,Seattle,Southwest,Rail,Carrier C,9.26,1947.2,1053.9,3,5,2,841.29,3.1,0,0,3.93
2093,2025-04-18,Seattle,Midwest,Road,Carrier A,6.52,1177.7,410.8,2,2,0,646.8,6.3,1,0,5.0
2094,2025-07-29,Los Angeles,International,Rail,Carrier C,1.76,366.2,6622.4,15,16,1,3919.37,6.3,0,0,5.0
2095,2025-12-30,Atlanta,Southeast,Road,Carrier D,1.31,214.1,1040.9,3,6,3,1516.42,15.2,0,0,3.78
2096,2025-03-27,Chicago,International,Sea,Carrier C,4.43,390.0,6515.6,20,20,0,1948.11,13.6,1,0,4.59
2097,2025-11-25,Chicago,Southwest,Air,Carrier B,1.26,230.7,858.7,1,2,1,3538.62,7.1,0,0,3.71
2098,2025-04-22,Los Angeles,Midwest,Air,Carrier C,4.3,671.9,242.7,1,1,0,998.1,8.1,1,0,4.17
2099,2025-01-28,Los Angeles,International,Rail,Carrier A,5.84,692.3,4543.2,10,8,-2,2783.42,6.2,1,0,4.14
2100,2025-10-18,Los Angeles,Southeast,Road,Carrier B,2.35,300.5,953.8,3,3,0,1174.25,6.8,1,0,5.0
2101,2025-04-03,Atlanta,International,Sea,Carrier A,2.97,270.4,6001.5,19,18,-1,1773.43,13.8,1,0,5.0
2102,2025-07-13,Newark,Southwest,Sea,Carrier B,0.9,95.8,1228.5,5,3,-2,358.05,10.0,1,0,4.75
2103,2025-01-02,Dallas,Northeast,Road,Carrier B,2.7,329.4,889.2,2,1,-1,1215.13,17.4,1,0,5.0
2104,2025-09-08,Atlanta,Southwest,Air,Carrier A,7.96,650.2,1142.3,2,2,0,4588.44,13.7,1,0,5.0
2105,2025-04-18,Newark,West,Rail,Carrier A,1.54,297.3,1358.0,4,3,-1,876.62,11.7,1,0,4.88
2106,2025-06-21,Newark,International,Rail,Carrier B,3.44,595.8,5814.9,13,12,-1,3440.34,4.9,1,0,4.64
2107,2025-07-29,Atlanta,International,Air,Carrier B,3.9,794.3,4894.0,2,1,-1,18545.51,10.8,1,0,4.35
2108,2025-11-15,Los Angeles,Southwest,Air,Carrier A,5.54,1127.4,1246.0,1,3,2,5106.81,4.2,0,0,4.6
2109,2025-01-06,Seattle,Northeast,Road,Carrier D,2.61,414.1,1120.7,2,1,-1,1370.08,6.0,1,0,4.58
2110,2025-08-21,Newark,West,Road,Carrier A,3.12,359.6,1247.9,3,2,-1,1515.14,5.4,1,0,4.53
2111,2025-06-09,Atlanta,Southwest,Sea,Carrier B,0.39,35.5,1308.3,5,2,-3,365.88,9.3,1,0,4.68
2112,2025-11-27,Seattle,Northeast,Road,Carrier C,3.48,310.5,1040.0,3,4,1,1570.12,15.7,0,0,4.32
2113,2025-07-29,Chicago,Southeast,Rail,Carrier A,2.76,303.2,1039.7,3,5,2,721.45,14.8,0,0,4.72
2114,2025-05-03,Atlanta,Midwest,Road,Carrier B,9.51,1082.5,565.8,2,3,1,864.22,5.5,0,0,4.72
2115,2025-10-18,Atlanta,International,Sea,Carrier A,1.93,155.5,3567.6,12,14,2,1062.28,14.4,0,0,3.74
2116,2025-05-05,Seattle,Northeast,Road,Carrier B,3.73,700.7,1004.5,3,6,3,1316.83,10.1,0,0,3.24
2117,2025-03-05,Atlanta,Northeast,Air,Carrier C,4.4,856.4,680.9,1,1,0,2734.15,12.8,1,0,5.0
2118,2025-08-23,Los Angeles,West,Rail,Carrier D,0.35,35.5,1144.4,3,4,1,730.54,14.8,0,0,4.12
2119,2025-03-24,Atlanta,Southeast,Road,Carrier B,2.13,388.0,853.9,2,1,-1,1096.61,10.7,1,0,4.21
2120,2025-08-12,Chicago,Northeast,Road,Carrier A,5.5,1060.8,923.9,2,1,-1,1355.69,17.7,1,0,4.71
2121,2025-01-04,Atlanta,Southeast,Road,Carrier C,0.53,96.6,877.2,2,2,0,1022.76,4.6,1,0,4.75
2122,2025-08-08,Atlanta,Southeast,Road,Carrier A,8.17,892.2,862.8,2,1,-1,1190.01,6.6,1,0,5.0
2123,2025-04-06,Newark,Southeast,Air,Carrier A,2.22,283.8,704.8,1,1,0,2617.41,7.1,1,0,5.0
2124,2025-12-03,Chicago,Southeast,Rail,Carrier A,9.0,998.6,913.2,3,3,0,855.01,11.1,1,0,5.0
2125,2025-04-21,Chicago,Southwest,Road,Carrier C,3.14,454.0,815.8,2,1,-1,1025.21,6.0,1,0,5.0
2126,2025-05-05,Seattle,Midwest,Air,Carrier C,4.52,700.9,385.0,1,1,0,1496.56,6.0,1,0,4.7
2127,2025-12-24,Chicago,West,Air,Carrier D,2.25,297.9,2039.8,1,2,1,8056.59,3.0,0,0,3.76
2128,2025-02-06,Atlanta,Southeast,Rail,Carrier A,4.34,823.1,1133.5,3,3,0,755.27,3.5,1,0,4.8
2129,2025-07-31,Newark,West,Air,Carrier D,9.65,1835.3,1818.1,2,2,0,6642.89,3.5,1,0,4.74
2130,2025-08-16,Seattle,Northeast,Road,Carrier C,6.64,1426.8,858.1,2,2,0,1172.77,5.2,1,0,5.0
2131,2025-02-13,Atlanta,Southwest,Road,Carrier A,5.23,813.7,1234.3,3,1,-2,1612.69,9.2,1,0,4.75
2132,2025-09-25,Seattle,Southeast,Air,Carrier A,7.34,1452.5,750.4,1,1,0,3020.91,10.5,1,0,4.55
2133,2025-11-29,Newark,Northeast,Road,Carrier A,0.7,99.1,1025.3,2,4,2,1494.42,16.7,0,0,3.63
2134,2025-12-08,Newark,West,Rail,Carrier D,2.43,410.4,1600.4,4,7,3,1136.78,8.3,0,0,2.91
2135,2025-11-15,Dallas,Southeast,Sea,Carrier C,1.56,138.9,1040.8,4,2,-2,352.15,8.2,1,0,5.0
2136,2025-08-09,Atlanta,Northeast,Sea,Carrier A,5.06,677.9,580.8,3,8,5,298.78,17.2,0,0,2.38
2137,2025-03-25,Atlanta,Southeast,Air,Carrier B,2.31,360.9,647.3,1,1,0,2561.98,13.7,1,0,5.0
2138,2025-09-11,Dallas,West,Air,Carrier D,1.22,205.8,1917.4,2,2,0,7241.65,10.6,1,0,4.55
2139,2025-11-07,Dallas,Midwest,Road,Carrier A,3.25,556.8,476.5,1,1,0,777.79,15.6,1,0,5.0
2140,2025-09-03,Seattle,Midwest,Road,Carrier C,5.03,990.0,636.6,2,2,0,938.26,13.7,1,0,4.91
2141,2025-11-02,Los Angeles,West,Rail,Carrier B,4.55,783.6,1065.2,3,5,2,881.37,13.5,0,0,4.81
2142,2025-11-15,Seattle,Midwest,Air,Carrier A,3.77,691.6,610.7,1,2,1,2741.02,12.9,0,0,4.48
2143,2025-05-09,Newark,Southeast,Road,Carrier A,10.74,1832.0,1132.9,3,4,1,1692.35,12.9,0,0,4.39
2144,2025-07-16,Newark,Midwest,Rail,Carrier A,2.46,365.0,402.2,2,3,1,292.98,6.0,0,0,4.96
2145,2025-04-15,Dallas,Southeast,Rail,Carrier B,3.8,308.7,664.5,2,3,1,502.66,14.8,0,0,5.0
2146,2025-02-26,Los Angeles,Southwest,Road,Carrier D,3.06,578.1,802.8,2,3,1,989.5,3.3,0,0,4.46
2147,2025-12-03,Newark,Northeast,Road,Carrier B,1.42,181.3,459.0,1,3,2,637.93,6.4,0,0,4.12
2148,2025-12-07,Chicago,Southeast,Road,Carrier D,1.7,169.2,1298.9,3,4,1,1761.14,7.5,0,0,4.55
2149,2025-05-08,Newark,Southwest,Road,Carrier B,1.22,126.6,1121.6,2,2,0,1327.55,5.5,1,0,4.75
2150,2025-04-01,Newark,International,Sea,Carrier A,0.92,169.5,7824.4,23,22,-1,2099.12,6.1,1,0,5.0
2151,2025-06-21,Newark,Southeast,Road,Carrier B,0.65,67.8,633.0,2,3,1,820.92,15.7,0,0,4.84
2152,2025-07-07,Dallas,Southwest,Rail,Carrier A,3.35,575.4,1386.7,3,3,0,870.37,3.4,1,0,4.78
2153,2025-11-15,Chicago,Northeast,Road,Carrier A,4.28,588.6,1050.6,2,5,3,1544.81,10.4,0,0,3.34
2154,2025-12-14,Atlanta,Midwest,Road,Carrier D,7.29,660.7,599.4,1,2,1,981.42,9.3,0,0,4.54
2155,2025-11-18,Newark,Midwest,Road,Carrier A,3.55,683.9,381.3,2,3,1,610.99,7.6,0,0,4.41
2156,2025-04-07,Atlanta,Southeast,Air,Carrier D,6.76,706.3,1092.2,2,2,0,4404.75,14.4,1,0,5.0
2157,2025-03-24,Chicago,Southwest,Road,Carrier D,3.82,472.9,532.2,2,2,0,737.66,10.7,1,0,4.79
2158,2025-06-17,Dallas,Northeast,Road,Carrier B,1.22,235.1,935.0,3,3,0,1247.0,17.8,1,0,4.6
2159,2025-04-20,Dallas,International,Sea,Carrier A,3.23,622.0,6397.4,19,19,0,1732.66,3.2,1,0,5.0
2160,2025-09-29,Newark,West,Road,Carrier A,0.79,162.4,1204.6,3,4,1,1394.76,3.7,0,0,4.51
2161,2025-07-09,Chicago,Southwest,Road,Carrier D,2.98,361.3,617.1,2,1,-1,818.78,10.4,1,0,4.79
2162,2025-12-19,Atlanta,Midwest,Road,Carrier A,0.41,40.7,474.0,2,4,2,645.92,8.9,0,0,4.68
2163,2025-11-02,Seattle,Northeast,Rail,Carrier D,3.09,253.6,804.7,3,3,0,613.49,9.2,1,0,4.95
2164,2025-02-13,Chicago,Midwest,Road,Carrier A,2.81,252.1,439.6,2,4,2,577.66,7.3,0,0,4.59
2165,2025-11-20,Newark,Southeast,Air,Carrier A,2.85,606.2,1015.5,1,2,1,4150.1,5.1,0,0,5.0
2166,2025-12-22,Los Angeles,International,Sea,Carrier A,12.44,1221.2,6311.5,19,17,-2,2249.15,10.0,1,0,4.98
2167,2025-03-03,Newark,International,Sea,Carrier A,0.68,88.9,5161.0,16,10,-6,1469.37,12.6,1,0,5.0
2168,2025-05-25,Los Angeles,Midwest,Road,Carrier A,6.0,1120.4,687.1,2,2,0,958.59,6.3,1,0,5.0
2169,2025-03-01,Los Angeles,Southwest,Road,Carrier B,3.07,580.8,1118.8,3,3,0,1438.86,10.2,1,0,4.54
2170,2025-05-13,Dallas,International,Sea,Carrier D,4.51,747.2,9111.2,27,27,0,2787.89,17.0,1,0,5.0
2171,2025-05-26,Seattle,Northeast,Road,Carrier C,3.37,508.3,786.5,3,4,1,1034.28,9.9,0,0,4.57
2172,2025-02-06,Seattle,Midwest,Sea,Carrier B,0.55,64.6,516.3,3,3,0,161.27,14.7,1,0,5.0
2173,2025-10-08,Los Angeles,Southwest,Road,Carrier A,4.32,447.7,1181.0,2,2,0,1545.66,11.5,1,0,5.0
2174,2025-04-09,Atlanta,Southeast,Air,Carrier B,2.23,187.6,889.6,1,1,0,3288.4,7.2,1,0,4.43
2175,2025-02-27,Atlanta,Northeast,Air,Carrier A,3.37,598.4,1083.1,2,2,0,4327.46,15.0,1,0,4.81
2176,2025-08-18,Dallas,Southwest,Road,Carrier A,4.48,711.3,1244.8,3,2,-1,1557.37,5.8,1,0,4.8
2177,2025-08-16,Atlanta,Southeast,Sea,Carrier B,2.86,561.8,886.3,4,1,-3,306.04,4.6,1,1,3.69
2178,2025-01-31,Newark,West,Road,Carrier C,1.56,136.1,1178.9,2,1,-1,1427.84,7.6,1,0,4.31
2179,2025-11-28,Newark,Southwest,Road,Carrier A,7.1,979.1,858.7,2,2,0,1424.16,15.6,1,0,5.0
2180,2025-07-26,Atlanta,Southwest,Road,Carrier B,2.29,448.8,1194.0,2,2,0,1614.0,17.8,1,0,4.62
2181,2025-10-06,Seattle,Midwest,Road,Carrier C,5.17,845.0,614.3,2,3,1,922.91,16.0,0,0,5.0
2182,2025-02-28,Los Angeles,International,Air,Carrier A,6.9,1475.9,5031.3,2,2,0,19547.91,13.1,1,0,5.0
2183,2025-01-10,Seattle,Northeast,Road,Carrier C,1.9,396.1,916.1,3,3,0,1093.05,3.5,1,0,5.0
2184,2025-01-28,Dallas,Midwest,Road,Carrier C,0.87,121.9,842.5,2,4,2,1047.08,10.7,0,0,4.48
2185,2025-06-02,Los Angeles,Southeast,Road,Carrier C,7.32,838.2,1248.4,3,4,1,1663.69,9.1,0,0,4.75
2186,2025-10-19,Chicago,International,Sea,Carrier D,5.32,946.2,6436.8,19,19,0,1984.55,14.3,1,0,4.87
2187,2025-03-18,Seattle,Midwest,Sea,Carrier C,3.31,447.5,823.2,3,1,-2,297.58,7.1,1,0,4.3
2188,2025-05-02,Seattle,Northeast,Road,Carrier D,6.04,901.1,508.1,2,3,1,780.72,12.4,0,0,4.65
2189,2025-09-06,Seattle,West,Air,Carrier A,0.54,103.1,1506.4,2,2,0,6049.01,17.8,1,0,4.92
2190,2025-01-15,Los Angeles,Southeast,Sea,Carrier C,2.57,211.8,466.3,3,3,0,184.78,11.5,1,1,3.12
2191,2025-11-19,Chicago,Southeast,Road,Carrier D,2.96,241.4,653.2,1,2,1,1013.06,16.7,0,0,4.86
2192,2025-06-05,Seattle,Northeast,Road,Carrier B,0.61,93.4,588.6,2,1,-1,704.22,6.5,1,0,4.93
2193,2025-04-26,Seattle,Northeast,Road,Carrier B,4.38,690.2,558.0,1,1,0,769.63,7.8,1,0,4.12
2194,2025-09-11,Atlanta,Northeast,Air,Carrier B,5.56,619.1,1190.4,2,2,0,4644.72,11.6,1,0,5.0
2195,2025-02-04,Newark,Southwest,Road,Carrier C,1.66,182.3,1059.9,3,3,0,1249.2,4.1,1,0,5.0
2196,2025-01-07,Chicago,International,Sea,Carrier B,1.38,215.6,6743.4,21,21,0,1794.56,4.5,1,0,5.0
2197,2025-04-07,Newark,Northeast,Road,Carrier D,3.83,638.2,871.0,2,3,1,1122.83,7.2,0,0,3.96
2198,2025-09-04,Atlanta,West,Road,Carrier C,0.87,176.3,1344.4,3,3,0,1692.84,12.8,1,0,4.97
2199,2025-12-03,Seattle,Northeast,Rail,Carrier A,1.65,171.1,569.9,2,2,0,457.92,17.9,1,0,4.39
2200,2025-02-04,Atlanta,International,Air,Carrier A,3.13,618.7,6100.6,2,2,0,22548.04,8.3,1,0,5.0
2201,2025-09-24,Newark,West,Road,Carrier B,8.94,1144.5,1694.8,3,4,1,2351.55,14.4,0,0,4.68
2202,2025-06-14,Seattle,Northeast,Road,Carrier A,0.32,68.8,1037.3,3,3,0,1306.71,13.7,1,0,4.79
2203,2025-02-04,Atlanta,Midwest,Air,Carrier C,5.34,832.9,472.6,1,1,0,1849.79,7.0,1,0,5.0
2204,2025-08-10,Atlanta,Northeast,Road,Carrier B,2.91,444.7,847.2,2,2,0,1118.59,12.1,1,0,5.0
2205,2025-05-27,Newark,Southeast,Air,Carrier D,6.89,950.3,909.1,1,1,0,3439.47,6.1,1,0,4.36
2206,2025-02-20,Chicago,West,Road,Carrier A,2.01,176.8,2105.8,4,5,1,2473.15,5.0,0,0,4.11
2207,2025-08-18,Chicago,Midwest,Road,Carrier C,7.46,1038.4,462.3,2,3,1,726.14,8.0,0,0,4.34
2208,2025-04-25,Chicago,West,Air,Carrier B,4.55,871.7,1745.1,1,1,0,6952.06,15.0,1,0,4.7
2209,2025-07-31,Atlanta,Southeast,Road,Carrier B,0.57,69.2,1070.8,3,2,-1,1376.73,15.7,1,0,4.02
2210,2025-05-24,Newark,International,Rail,Carrier A,1.22,237.1,1571.1,4,2,-2,983.65,10.0,1,0,4.25
2211,2025-07-05,Atlanta,Northeast,Air,Carrier A,1.56,203.9,773.9,1,1,0,2755.35,3.4,1,0,4.65
2212,2025-10-16,Dallas,Southeast,Rail,Carrier C,4.57,913.4,756.4,3,4,1,579.09,9.2,0,0,4.59
2213,2025-08-16,Dallas,Midwest,Air,Carrier B,3.08,355.6,578.2,1,2,1,2109.0,3.9,0,0,4.39
2214,2025-05-15,Atlanta,Northeast,Air,Carrier B,6.3,1140.3,809.6,1,1,0,3063.93,5.5,1,0,5.0
2215,2025-12-22,Newark,Midwest,Sea,Carrier B,7.12,1022.2,302.8,2,1,-1,301.73,15.3,1,1,2.92
2216,2025-01-17,Dallas,West,Road,Carrier C,3.5,340.2,1394.0,3,2,-1,1819.41,13.5,1,0,4.36
2217,2025-04-04,Newark,Northeast,Rail,Carrier C,13.31,1497.1,811.3,3,2,-1,782.0,8.5,1,0,4.41
2218,2025-01-04,Seattle,Northeast,Road,Carrier A,0.89,153.0,894.6,2,2,0,1172.91,16.7,1,0,4.61
2219,2025-07-08,Atlanta,West,Sea,Carrier A,7.22,1273.5,943.8,4,5,1,469.12,15.0,0,0,4.26
2220,2025-10-04,Los Angeles,Northeast,Sea,Carrier A,2.53,322.9,672.4,3,1,-2,240.44,8.2,1,0,4.82
2221,2025-07-20,Atlanta,Southwest,Road,Carrier A,3.15,678.3,835.1,2,3,1,1090.86,9.1,0,0,4.94
2222,2025-11-04,Chicago,Southeast,Rail,Carrier C,5.32,956.9,954.0,3,5,2,852.59,16.7,0,0,4.34
2223,2025-04-18,Atlanta,Southwest,Air,Carrier C,0.7,116.3,511.7,1,1,0,1875.44,6.8,1,0,5.0
2224,2025-12-18,Dallas,Southeast,Road,Carrier B,3.88,802.0,416.1,1,2,1,662.54,6.4,0,0,4.62
2225,2025-09-02,Seattle,Southeast,Sea,Carrier A,5.73,722.5,1076.7,4,3,-1,408.44,4.4,1,0,4.82
2226,2025-09-09,Dallas,International,Sea,Carrier B,5.77,997.5,1713.0,6,8,2,610.95,8.2,0,0,4.86
2227,2025-05-05,Atlanta,Northeast,Rail,Carrier B,8.73,1493.4,564.9,2,2,0,564.84,9.4,1,0,4.7
2228,2025-08-03,Chicago,Midwest,Road,Carrier C,2.11,456.9,737.4,2,2,0,997.99,15.3,1,0,5.0
2229,2025-10-01,Los Angeles,Northeast,Rail,Carrier A,2.68,256.4,1138.5,3,3,0,770.16,13.4,1,0,5.0
2230,2025-07-23,Atlanta,International,Sea,Carrier B,1.19,183.5,6325.8,19,16,-3,1740.3,8.2,1,0,5.0
2231,2025-04-13,Seattle,West,Rail,Carrier C,5.25,853.7,1226.5,4,3,-1,854.09,7.3,1,0,4.69
2232,2025-09-20,Seattle,Northeast,Air,Carrier D,0.87,169.6,656.0,1,2,1,2457.0,9.1,0,0,3.93
2233,2025-04-02,Seattle,Southeast,Road,Carrier A,5.01,622.6,807.3,3,1,-2,1142.43,14.9,1,0,5.0
2234,2025-10-03,Seattle,Midwest,Road,Carrier B,8.64,765.2,418.7,2,2,0,662.97,5.5,1,0,5.0
2235,2025-09-06,Seattle,Northeast,Sea,Carrier A,8.2,739.6,839.5,3,4,1,410.18,10.9,0,0,4.69
2236,2025-02-20,Newark,Southeast,Road,Carrier C,2.98,529.9,830.6,2,2,0,1027.22,4.3,1,0,5.0
2237,2025-08-30,Los Angeles,Southeast,Road,Carrier A,7.72,1295.7,633.9,2,2,0,959.5,9.3,1,0,5.0
2238,2025-07-17,Newark,West,Rail,Carrier A,6.16,507.8,1490.1,4,3,-1,1030.14,9.9,1,0,5.0
2239,2025-09-14,Seattle,Midwest,Road,Carrier D,4.3,468.7,526.2,1,1,0,756.09,13.4,1,0,5.0
2240,2025-09-28,Chicago,Southwest,Road,Carrier C,0.96,210.2,660.1,2,1,-1,852.43,13.5,1,0,4.93
2241,2025-07-27,Newark,International,Rail,Carrier D,1.88,169.6,5533.6,13,12,-1,3181.86,3.3,1,1,4.03
2242,2025-07-11,Dallas,Midwest,Sea,Carrier C,3.4,703.3,439.3,2,1,-1,202.29,3.2,1,0,5.0
2243,2025-10-09,Newark,Northeast,Sea,Carrier A,2.67,474.0,838.2,3,6,3,304.96,11.6,0,0,3.78
2244,2025-09-23,Atlanta,Southeast,Sea,Carrier A,3.99,619.3,714.7,3,1,-2,291.63,8.2,1,0,4.84
2245,2025-12-05,Chicago,Southeast,Road,Carrier A,0.66,133.2,1042.4,3,5,2,1465.66,12.5,0,0,3.2
2246,2025-02-25,Seattle,Northeast,Rail,Carrier A,6.85,1277.6,1163.5,4,5,1,840.34,4.2,0,0,4.45
2247,2025-10-31,Dallas,Southeast,Road,Carrier C,0.61,88.9,838.2,2,1,-1,990.8,5.9,1,0,5.0
2248,2025-07-23,Chicago,Midwest,Air,Carrier A,4.63,588.8,456.0,1,2,1,1931.49,17.1,0,0,5.0
2249,2025-05-31,Newark,Southwest,Air,Carrier C,5.93,970.3,1038.3,1,1,0,4081.91,11.3,1,0,4.98
2250,2025-11-24,Atlanta,Midwest,Road,Carrier B,10.07,1366.4,453.4,1,3,2,924.82,15.0,0,0,4.18
2251,2025-09-23,Seattle,Northeast,Road,Carrier A,8.07,1356.0,419.2,1,1,0,717.57,10.4,1,0,5.0
2252,2025-10-25,Atlanta,Northeast,Air,Carrier A,1.83,206.4,922.1,1,1,0,3743.95,18.0,1,0,5.0
2253,2025-03-16,Atlanta,Northeast,Road,Carrier A,0.71,144.8,806.7,2,2,0,974.94,7.7,1,0,5.0
2254,2025-05-11,Atlanta,West,Rail,Carrier A,4.86,853.8,1469.2,4,3,-1,1047.35,13.4,1,0,5.0
2255,2025-02-28,Chicago,International,Sea,Carrier D,6.0,569.4,7004.5,21,22,1,2185.6,16.9,0,0,4.81
2256,2025-02-22,Seattle,International,Sea,Carrier B,0.83,138.2,8181.7,24,26,2,2407.45,16.6,0,1,2.15
2257,2025-03-02,Dallas,Northeast,Sea,Carrier C,4.54,866.5,821.0,3,1,-2,340.41,7.5,1,0,4.09
2258,2025-07-05,Atlanta,Midwest,Air,Carrier C,0.42,59.0,401.8,1,1,0,1560.98,13.5,1,1,3.1
2259,2025-12-01,Dallas,Northeast,Road,Carrier C,2.01,396.3,804.0,2,3,1,1196.11,14.3,0,0,4.51
2260,2025-07-13,Dallas,Southwest,Road,Carrier C,7.37,1125.2,1211.2,3,2,-1,1553.03,3.6,1,0,5.0
2261,2025-04-17,Chicago,Southeast,Sea,Carrier C,2.24,456.0,567.9,3,1,-2,216.85,9.3,1,0,5.0
2262,2025-11-25,Seattle,Midwest,Air,Carrier A,2.45,453.4,469.7,2,3,1,2040.88,10.0,0,0,3.67
2263,2025-03-04,Newark,West,Road,Carrier D,0.9,85.2,1032.1,3,3,0,1358.37,17.8,1,1,3.9
2264,2025-08-15,Newark,Midwest,Road,Carrier A,1.59,227.1,734.9,2,3,1,944.91,12.0,0,0,4.58
2265,2025-07-09,Atlanta,Southwest,Road,Carrier C,2.77,316.6,746.8,2,1,-1,917.43,4.4,1,0,5.0
2266,2025-04-14,Los Angeles,Southeast,Road,Carrier B,1.52,191.9,615.6,2,3,1,820.98,15.7,0,0,4.57
2267,2025-09-19,Los Angeles,West,Rail,Carrier B,1.17,252.6,1807.2,4,4,0,1101.98,7.6,1,0,5.0
2268,2025-01-13,Dallas,Southwest,Sea,Carrier C,2.81,348.3,1157.5,4,7,3,400.92,14.9,0,0,3.63
2269,2025-03-30,Atlanta,Southwest,Rail,Carrier A,11.34,2011.7,1213.8,4,3,-1,1079.96,15.1,1,0,4.73
2270,2025-12-21,Atlanta,Northeast,Rail,Carrier C,4.1,498.0,1149.8,4,3,-1,919.42,14.2,1,0,4.87
2271,2025-10-01,Dallas,Northeast,Sea,Carrier B,1.75,268.6,897.5,3,1,-2,296.99,12.5,1,0,4.73
2272,2025-07-24,Newark,Midwest,Sea,Carrier B,3.07,350.7,664.8,3,1,-2,267.29,16.3,1,0,4.47
2273,2025-01-18,Seattle,West,Road,Carrier C,4.71,750.3,1390.3,3,3,0,1804.5,10.2,1,0,4.46
2274,2025-05-30,Chicago,Midwest,Sea,Carrier B,5.3,520.8,591.5,2,6,4,266.57,5.2,0,0,2.78
2275,2025-03-21,Atlanta,Northeast,Sea,Carrier A,2.87,464.1,769.8,3,1,-2,285.61,10.4,1,0,5.0
2276,2025-05-28,Seattle,Midwest,Air,Carrier B,8.31,1144.3,671.3,1,1,0,2681.21,8.8,1,0,4.48
2277,2025-06-12,Newark,Midwest,Road,Carrier A,5.82,536.3,667.5,2,2,0,952.71,12.3,1,0,4.74
2278,2025-04-23,Atlanta,Northeast,Road,Carrier B,2.62,559.3,1114.2,3,3,0,1436.37,11.1,1,0,5.0
2279,2025-09-09,Newark,Midwest,Rail,Carrier A,1.76,171.6,319.7,1,1,0,225.83,7.1,1,0,5.0
2280,2025-05-06,Newark,West,Road,Carrier C,0.62,119.8,1407.8,3,5,2,1657.67,6.0,0,0,5.0
2281,2025-06-26,Seattle,Midwest,Air,Carrier A,2.75,389.3,524.2,1,1,0,2051.23,11.3,1,0,4.83
2282,2025-01-26,Seattle,Southeast,Air,Carrier B,5.12,791.6,849.5,1,1,0,3151.73,4.9,1,0,5.0
2283,2025-12-28,Dallas,Northeast,Rail,Carrier B,3.03,326.2,738.1,3,3,0,577.21,10.2,1,0,4.8
2284,2025-09-09,Newark,Midwest,Road,Carrier B,2.01,373.0,542.1,2,2,0,672.87,4.3,1,0,5.0
2285,2025-07-27,Newark,Northeast,Road,Carrier C,4.63,429.2,863.5,2,3,1,1195.92,14.9,0,0,5.0
2286,2025-06-13,Chicago,Northeast,Road,Carrier C,1.88,153.1,920.9,2,1,-1,1197.73,14.2,1,0,5.0
2287,2025-10-19,Dallas,Southwest,Road,Carrier D,4.48,440.5,479.6,2,3,1,653.79,6.0,0,0,4.75
2288,2025-04-24,Chicago,Southeast,Road,Carrier D,4.72,473.3,1162.9,2,2,0,1484.94,8.1,1,0,4.38
2289,2025-09-06,Newark,Southeast,Air,Carrier C,1.48,194.6,1044.0,1,1,0,3717.77,3.8,1,0,4.76
2290,2025-01-08,Dallas,West,Rail,Carrier D,5.11,1033.1,1399.8,4,5,1,948.54,5.6,0,1,3.24
2291,2025-06-24,Atlanta,Northeast,Road,Carrier C,1.9,313.5,759.7,2,2,0,961.73,9.3,1,0,5.0
2292,2025-08-04,Newark,Midwest,Rail,Carrier A,5.6,752.6,416.7,2,4,2,366.22,4.4,0,0,4.21
2293,2025-11-13,Newark,Northeast,Road,Carrier B,4.46,784.3,829.5,2,1,-1,1309.55,14.8,1,1,3.83
2294,2025-12-04,Seattle,Northeast,Road,Carrier B,2.66,516.1,790.5,2,2,0,1185.78,13.2,1,0,4.47
2295,2025-04-27,Newark,Southeast,Road,Carrier C,3.36,678.1,989.7,2,1,-1,1381.73,17.8,1,0,5.0
2296,2025-08-20,Los Angeles,Southwest,Rail,Carrier C,1.47,299.5,1240.6,3,2,-1,830.1,15.4,1,0,4.79
2297,2025-04-20,Newark,International,Rail,Carrier B,1.42,164.5,5260.4,12,9,-3,3366.96,15.2,1,0,5.0
2298,2025-08-23,Dallas,Northeast,Road,Carrier C,3.4,526.8,454.5,2,3,1,666.14,15.4,0,0,4.4
2299,2025-03-31,Los Angeles,Northeast,Sea,Carrier A,0.89,138.7,724.6,3,6,3,215.51,7.0,0,0,3.91
2300,2025-05-01,Los Angeles,International,Air,Carrier B,8.17,1642.2,6623.0,3,3,0,25335.86,11.5,1,0,4.86
2301,2025-09-19,Dallas,Southwest,Sea,Carrier A,2.03,196.3,1246.2,5,6,1,397.87,13.1,0,0,4.65
2302,2025-03-08,Chicago,Northeast,Road,Carrier A,11.49,2354.9,710.2,2,1,-1,1106.55,3.3,1,0,5.0
2303,2025-12-14,Newark,International,Sea,Carrier B,3.19,382.4,5491.1,16,16,0,1694.69,5.1,1,0,4.7
2304,2025-09-19,Dallas,Midwest,Road,Carrier D,2.02,183.4,277.8,2,1,-1,357.05,3.5,1,0,4.73
2305,2025-09-17,Atlanta,International,Sea,Carrier B,3.92,380.4,7784.0,24,24,0,2149.25,6.2,1,0,5.0
2306,2025-04-29,Dallas,Midwest,Road,Carrier D,4.5,875.9,537.1,2,3,1,827.66,17.9,0,0,5.0
2307,2025-01-12,Los Angeles,Midwest,Air,Carrier B,1.78,388.4,465.8,1,2,1,1872.44,14.9,0,0,4.72
2308,2025-10-26,Newark,Southeast,Rail,Carrier C,4.17,642.4,866.6,2,3,1,649.08,13.6,0,0,4.04
2309,2025-04-28,Seattle,Northeast,Rail,Carrier A,0.31,39.6,810.2,3,3,0,490.2,8.4,1,0,5.0
2310,2025-06-22,Los Angeles,Northeast,Air,Carrier C,1.58,152.0,965.7,2,2,0,3884.86,17.2,1,0,4.93
2311,2025-01-29,Atlanta,Southeast,Road,Carrier C,3.16,380.5,1016.3,2,2,0,1262.56,6.6,1,0,5.0
2312,2025-12-10,Los Angeles,International,Sea,Carrier B,2.36,283.8,4584.7,14,16,2,1451.69,8.4,0,0,4.45
2313,2025-01-11,Los Angeles,Midwest,Air,Carrier B,2.45,379.2,446.8,1,1,0,1669.47,6.0,1,0,5.0
2314,2025-10-18,Los Angeles,Midwest,Road,Carrier D,4.34,752.9,559.2,2,2,0,781.75,8.9,1,0,5.0
2315,2025-08-02,Dallas,Midwest,Air,Carrier B,5.14,520.8,410.1,1,2,1,1701.3,13.6,0,0,5.0
2316,2025-08-22,Newark,Southeast,Sea,Carrier A,4.61,651.7,1226.1,4,1,-3,460.55,12.8,1,0,4.71
2317,2025-05-18,Newark,Midwest,Sea,Carrier A,2.96,449.4,640.1,2,2,0,237.95,4.9,1,0,4.64
2318,2025-12-04,Newark,West,Rail,Carrier A,2.09,403.4,1569.4,5,6,1,1103.34,7.7,0,0,5.0
2319,2025-04-18,Los Angeles,Southeast,Rail,Carrier A,2.99,455.2,1156.3,3,2,-1,756.29,7.5,1,0,5.0
2320,2025-05-22,Chicago,West,Road,Carrier A,2.86,458.8,970.2,3,3,0,1181.69,4.3,1,0,5.0
2321,2025-03-28,Seattle,West,Air,Carrier B,1.31,170.8,1570.7,2,1,-1,5690.5,6.0,1,0,4.59
2322,2025-03-26,Chicago,Southeast,Sea,Carrier A,2.94,385.4,939.3,4,1,-3,325.88,9.3,1,0,4.7
2323,2025-04-06,Chicago,Southwest,Road,Carrier A,5.55,449.6,1282.3,2,4,2,1687.7,11.3,0,0,4.88
2324,2025-08-25,Atlanta,International,Sea,Carrier B,2.27,204.2,4484.4,14,6,-8,1234.07,5.9,1,0,4.65
2325,2025-08-09,Atlanta,Midwest,Road,Carrier A,3.73,344.7,753.5,2,2,0,947.16,5.0,1,0,3.94
2326,2025-07-22,Chicago,Midwest,Sea,Carrier A,1.16,182.9,479.9,3,2,-1,165.13,12.7,1,0,4.97
2327,2025-07-06,Chicago,Midwest,Road,Carrier A,2.8,260.9,443.3,2,2,0,561.6,3.5,1,0,5.0
2328,2025-11-19,Dallas,Northeast,Road,Carrier A,1.53,267.7,858.6,3,5,2,1165.5,6.1,0,0,4.14
2329,2025-06-25,Seattle,Southeast,Road,Carrier C,0.43,81.7,1080.9,2,2,0,1378.25,14.9,1,0,5.0
2330,2025-07-29,Seattle,Northeast,Road,Carrier B,3.94,804.8,456.5,1,3,2,672.39,11.8,0,1,2.08
2331,2025-04-03,Dallas,Northeast,Air,Carrier B,1.3,252.5,707.2,1,2,1,2811.97,15.4,0,0,4.7
2332,2025-10-05,Dallas,International,Air,Carrier A,3.42,619.4,5940.2,2,1,-1,22306.95,10.0,1,0,5.0
2333,2025-03-17,Dallas,Southeast,Road,Carrier D,1.43,176.1,1011.2,3,4,1,1188.17,4.0,0,0,4.35
2334,2025-11-23,Dallas,Southwest,Sea,Carrier C,4.44,519.7,984.9,4,5,1,408.01,7.5,0,0,4.4
2335,2025-08-11,Los Angeles,Southeast,Sea,Carrier B,6.61,944.3,916.1,4,2,-2,397.12,5.8,1,0,4.6
2336,2025-10-02,Atlanta,Southeast,Air,Carrier D,0.23,30.9,747.4,1,1,0,2765.17,8.6,1,0,4.79
2337,2025-01-08,Los Angeles,International,Sea,Carrier A,0.15,14.6,6805.3,20,18,-2,1847.43,8.4,1,0,4.57
2338,2025-12-06,Los Angeles,Midwest,Sea,Carrier A,6.28,1124.9,425.1,3,6,3,328.59,14.3,0,0,4.09
2339,2025-12-10,Seattle,West,Road,Carrier B,4.51,867.8,1641.5,4,6,2,2271.24,5.8,0,0,3.82
2340,2025-02-15,Dallas,Southwest,Air,Carrier D,2.05,247.3,874.8,1,1,0,3237.65,7.3,1,0,5.0
2341,2025-12-29,Seattle,Southeast,Road,Carrier C,1.81,250.0,1011.5,3,3,0,1458.31,13.0,1,0,4.55
2342,2025-02-04,Los Angeles,Northeast,Rail,Carrier C,2.19,478.3,590.2,2,1,-1,394.0,3.3,1,0,4.86
2343,2025-02-16,Chicago,Northeast,Rail,Carrier A,6.84,1433.5,691.6,3,3,0,652.75,17.7,1,0,5.0
2344,2025-10-15,Los Angeles,Southeast,Sea,Carrier A,2.24,415.6,1290.2,5,6,1,419.16,11.2,0,0,3.98
2345,2025-12-07,Dallas,Midwest,Air,Carrier C,3.86,510.6,519.9,2,3,1,2168.49,4.6,0,0,5.0
2346,2025-12-17,Newark,Northeast,Sea,Carrier C,6.84,1115.0,712.6,3,1,-2,434.49,15.3,1,0,5.0
2347,2025-10-28,Chicago,Midwest,Air,Carrier D,1.43,158.4,553.6,1,1,0,2033.93,6.4,1,0,5.0
2348,2025-01-05,Chicago,Midwest,Sea,Carrier C,2.91,235.4,546.1,2,1,-1,221.18,15.2,1,0,5.0
2349,2025-09-11,Seattle,Midwest,Road,Carrier C,5.79,938.3,747.3,2,1,-1,1072.38,12.2,1,0,4.99
2350,2025-04-18,Newark,Midwest,Air,Carrier A,2.68,436.6,595.4,1,1,0,2228.29,6.8,1,0,4.91
2351,2025-04-21,Newark,Midwest,Road,Carrier B,1.7,251.0,562.1,2,1,-1,733.82,11.8,1,0,5.0
2352,2025-06-28,Los Angeles,International,Sea,Carrier D,1.5,303.0,6730.5,20,18,-2,2012.71,17.0,1,0,4.84
2353,2025-12-17,Dallas,Southeast,Road,Carrier A,3.79,787.8,1149.7,2,4,2,1632.35,7.1,0,1,3.06
2354,2025-04-15,Chicago,International,Sea,Carrier C,5.28,1016.2,4620.7,14,17,3,1402.21,9.1,0,0,4.08
2355,2025-01-10,Los Angeles,Midwest,Rail,Carrier B,2.0,320.6,428.7,2,6,4,300.36,6.6,0,0,3.21
2356,2025-03-08,Newark,Southeast,Road,Carrier A,0.72,157.8,544.7,1,1,0,714.23,15.6,1,0,5.0
2357,2025-08-11,Los Angeles,Southeast,Road,Carrier A,0.56,77.3,658.3,2,1,-1,765.2,3.9,1,0,4.77
2358,2025-08-31,Seattle,Southeast,Rail,Carrier A,2.21,373.7,890.8,3,3,0,574.92,6.1,1,0,4.85
2359,2025-12-11,Atlanta,Southeast,Road,Carrier B,3.54,299.1,1093.0,2,3,1,1543.7,8.5,0,0,4.48
2360,2025-07-01,Dallas,Midwest,Air,Carrier B,2.64,225.0,647.2,2,2,0,2382.14,5.8,1,0,5.0
2361,2025-06-30,Seattle,Midwest,Road,Carrier B,2.41,357.3,509.3,1,1,0,675.68,10.0,1,0,4.74
2362,2025-04-15,Dallas,Southwest,Road,Carrier B,0.7,144.4,1148.4,3,4,1,1329.66,3.8,0,0,4.66
2363,2025-10-31,Los Angeles,Northeast,Road,Carrier A,1.3,207.6,791.9,2,2,0,1051.39,16.7,1,0,4.76
2364,2025-05-30,Dallas,Southeast,Rail,Carrier A,4.21,514.1,1006.0,3,3,0,699.95,9.0,1,0,5.0
2365,2025-05-18,Dallas,Southeast,Air,Carrier A,1.78,234.3,782.5,1,1,0,2922.92,8.3,1,0,5.0
2366,2025-06-23,Los Angeles,Southwest,Air,Carrier A,2.48,463.1,1370.0,1,1,0,5279.62,11.9,1,0,4.77
2367,2025-03-11,Seattle,Northeast,Road,Carrier B,3.59,452.7,569.2,2,1,-1,782.76,11.4,1,0,4.68
2368,2025-04-14,Chicago,International,Sea,Carrier C,0.38,69.8,4770.0,15,8,-7,1384.3,15.2,1,0,5.0
2369,2025-12-08,Seattle,Northeast,Sea,Carrier A,3.92,360.3,580.4,3,6,3,262.64,5.7,0,0,3.64
2370,2025-01-18,Los Angeles,Northeast,Road,Carrier C,8.65,789.9,981.5,2,2,0,1337.56,7.1,1,0,5.0
2371,2025-04-30,Atlanta,Southwest,Rail,Carrier A,2.13,240.5,1179.4,3,2,-1,781.36,12.8,1,0,5.0
2372,2025-07-16,Dallas,Northeast,Road,Carrier D,10.75,1373.3,797.5,2,2,0,1207.8,9.1,1,0,4.51
2373,2025-06-16,Los Angeles,Northeast,Sea,Carrier D,2.25,216.5,1078.5,4,6,2,350.92,11.7,0,0,3.54
2374,2025-03-18,Dallas,West,Rail,Carrier A,0.77,103.0,1524.6,4,4,0,939.02,9.8,1,0,5.0
2375,2025-04-14,Seattle,West,Rail,Carrier B,5.27,889.5,1293.1,3,4,1,883.1,5.8,0,0,4.51
2376,2025-04-26,Newark,Northeast,Sea,Carrier A,6.47,1052.6,488.8,2,2,0,308.38,13.4,1,0,5.0
2377,2025-01-29,Los Angeles,Northeast,Road,Carrier D,2.07,273.1,647.6,2,2,0,853.27,12.7,1,0,5.0
2378,2025-06-16,Los Angeles,Southeast,Road,Carrier C,4.38,358.8,920.6,3,3,0,1282.64,17.0,1,0,5.0
2379,2025-08-28,Atlanta,Midwest,Sea,Carrier A,4.42,425.8,672.5,3,1,-2,271.04,6.0,1,0,4.75
2380,2025-07-02,Atlanta,Northeast,Road,Carrier A,3.1,565.2,1050.3,2,2,0,1446.56,17.6,1,0,5.0
2381,2025-12-16,Dallas,Southeast,Air,Carrier A,7.08,908.4,1016.3,1,2,1,4702.47,16.4,0,0,4.4
2382,2025-09-17,Atlanta,Midwest,Air,Carrier D,2.96,465.4,376.1,1,1,0,1556.68,15.6,1,0,5.0
2383,2025-09-12,Atlanta,Northeast,Air,Carrier D,6.46,1371.3,821.6,1,1,0,3438.16,16.2,1,0,5.0
2384,2025-08-21,Seattle,Midwest,Road,Carrier A,4.6,888.4,433.3,1,1,0,641.3,8.7,1,0,5.0
2385,2025-01-21,Newark,Midwest,Sea,Carrier A,1.65,313.1,506.9,2,1,-1,181.43,8.6,1,0,4.92
2386,2025-01-13,Los Angeles,Northeast,Road,Carrier A,5.6,632.8,654.9,2,1,-1,961.52,15.0,1,0,4.56
2387,2025-02-25,Newark,West,Road,Carrier B,5.82,961.1,1406.3,3,2,-1,1833.68,9.0,1,0,4.91
2388,2025-10-28,Dallas,Midwest,Air,Carrier A,2.3,326.1,524.2,1,2,1,2047.57,11.7,0,0,4.47
2389,2025-09-14,Atlanta,West,Air,Carrier A,2.76,527.4,2063.9,1,1,0,7907.02,11.6,1,0,5.0
2390,2025-04-09,Los Angeles,Midwest,Road,Carrier B,4.53,722.9,471.8,2,1,-1,726.49,16.6,1,0,4.89
2391,2025-07-21,Seattle,Midwest,Road,Carrier A,5.03,596.1,396.2,1,1,0,621.23,14.8,1,0,5.0
2392,2025-11-11,Dallas,Northeast,Air,Carrier B,2.54,300.0,824.7,2,3,1,3411.22,6.6,0,0,5.0
2393,2025-09-26,Atlanta,Southeast,Road,Carrier B,1.42,230.1,736.7,2,2,0,954.36,13.2,1,0,4.76
2394,2025-12-20,Chicago,Northeast,Road,Carrier B,4.22,627.8,793.3,2,3,1,1155.91,6.7,0,0,4.35
2395,2025-04-20,Atlanta,International,Rail,Carrier B,7.12,834.8,5939.1,13,13,0,3667.71,7.4,1,0,4.35
2396,2025-07-15,Los Angeles,Southwest,Sea,Carrier D,10.6,1690.8,1053.7,4,2,-2,593.18,17.0,1,0,4.17
2397,2025-07-05,Los Angeles,West,Road,Carrier C,0.89,147.9,1264.2,3,4,1,1496.09,6.0,0,0,4.27
2398,2025-01-21,Los Angeles,Southeast,Road,Carrier C,4.2,707.1,909.3,2,1,-1,1209.48,10.1,1,0,4.92
2399,2025-09-15,Newark,Northeast,Road,Carrier A,7.29,1280.7,658.9,2,1,-1,970.88,8.1,1,0,5.0
2400,2025-08-21,Los Angeles,Midwest,Road,Carrier A,4.97,398.4,664.4,2,2,0,892.15,8.1,1,0,4.87
2401,2025-10-07,Newark,West,Rail,Carrier A,0.4,81.8,2053.1,5,3,-2,1310.19,15.0,1,0,5.0
2402,2025-03-13,Atlanta,Midwest,Air,Carrier A,6.5,969.3,294.5,1,1,0,1297.65,13.1,1,0,4.88
2403,2025-04-07,Dallas,Southwest,Road,Carrier D,2.14,386.2,1249.8,3,4,1,1654.33,16.0,0,0,4.14
2404,2025-06-09,Los Angeles,Midwest,Rail,Carrier B,2.45,448.3,582.1,2,1,-1,418.73,10.4,1,0,4.59
2405,2025-08-08,Atlanta,Northeast,Road,Carrier C,5.4,1152.1,628.2,2,3,1,906.04,9.2,0,0,5.0
2406,2025-12-02,Dallas,Midwest,Road,Carrier D,1.6,168.3,584.3,2,2,0,812.1,7.4,1,0,4.26
2407,2025-05-21,Los Angeles,Northeast,Rail,Carrier A,0.95,137.8,1034.3,3,2,-1,693.28,17.5,1,0,4.82
2408,2025-12-13,Chicago,Southwest,Rail,Carrier B,0.89,76.7,1026.7,4,3,-1,706.52,8.4,1,0,4.67
2409,2025-04-14,Atlanta,Southwest,Air,Carrier C,2.85,617.4,1256.5,1,1,0,4671.78,7.5,1,0,5.0
2410,2025-08-19,Newark,West,Road,Carrier A,3.78,541.8,1127.7,3,2,-1,1536.04,16.0,1,0,4.69
2411,2025-09-22,Seattle,Southeast,Sea,Carrier D,1.05,139.5,648.5,3,3,0,192.62,4.2,1,0,4.33
2412,2025-12-14,Los Angeles,West,Road,Carrier A,3.59,594.4,1628.0,3,5,2,2361.77,12.5,0,0,4.89
2413,2025-12-30,Newark,Midwest,Road,Carrier D,3.62,447.8,486.7,1,1,0,806.93,17.7,1,1,2.96
2414,2025-07-03,Dallas,Northeast,Rail,Carrier B,0.68,88.8,598.3,2,2,0,362.61,5.5,1,0,4.92
2415,2025-07-04,Dallas,Southeast,Road,Carrier B,1.38,199.5,849.1,3,2,-1,1045.71,8.4,1,0,5.0
2416,2025-12-31,Atlanta,Northeast,Air,Carrier A,1.72,268.6,915.7,1,2,1,3781.68,7.1,0,0,4.86
2417,2025-07-27,Chicago,Southwest,Road,Carrier D,4.25,440.4,1219.8,3,4,1,1676.0,17.4,0,0,4.67
2418,2025-01-03,Dallas,West,Rail,Carrier A,5.93,1068.0,1233.3,4,3,-1,873.11,6.4,1,0,5.0
2419,2025-04-21,Atlanta,Midwest,Rail,Carrier C,3.06,610.0,707.5,2,4,2,510.6,9.7,0,0,3.93
2420,2025-08-31,Seattle,Midwest,Sea,Carrier B,4.47,494.4,409.1,2,1,-1,222.72,14.8,1,0,4.56
2421,2025-01-28,Dallas,Midwest,Road,Carrier A,0.89,137.7,529.8,2,2,0,632.46,4.9,1,0,4.95
2422,2025-07-30,Seattle,Northeast,Road,Carrier C,8.57,838.2,874.1,3,3,0,1179.41,4.2,1,0,5.0
2423,2025-06-16,Los Angeles,International,Air,Carrier B,7.11,1390.5,1982.8,2,2,0,7796.14,12.7,1,0,4.53
2424,2025-08-07,Dallas,International,Air,Carrier D,6.79,1019.1,5229.4,2,2,0,19528.92,8.9,1,0,4.82
2425,2025-07-11,Chicago,Northeast,Road,Carrier A,3.14,343.6,622.8,2,2,0,788.31,5.2,1,0,5.0
2426,2025-12-03,Dallas,Northeast,Sea,Carrier C,7.09,822.7,1139.4,4,9,5,538.45,11.2,0,0,3.04
2427,2025-09-15,Chicago,Southwest,Sea,Carrier B,5.99,594.1,807.6,3,1,-2,346.52,7.8,1,0,4.37
2428,2025-04-22,Chicago,Southwest,Road,Carrier D,5.59,754.5,614.5,2,1,-1,894.74,12.2,1,0,5.0
2429,2025-11-23,Seattle,Midwest,Road,Carrier A,2.73,385.8,682.8,2,1,-1,965.89,6.3,1,0,5.0
2430,2025-11-02,Los Angeles,West,Air,Carrier C,2.47,289.4,1479.6,1,2,1,6659.54,17.0,0,0,4.35
2431,2025-05-17,Seattle,Midwest,Road,Carrier B,5.79,845.0,680.9,1,1,0,914.9,4.2,1,0,5.0
2432,2025-06-04,Atlanta,Northeast,Road,Carrier B,3.8,328.2,608.3,2,3,1,859.05,15.7,0,0,4.09
2433,2025-08-28,Seattle,Northeast,Road,Carrier A,13.37,1948.6,947.4,2,3,1,1581.31,18.0,0,0,4.3
2434,2025-11-06,Los Angeles,Northeast,Road,Carrier A,1.12,136.7,921.0,3,5,2,1268.02,9.2,0,0,4.3
2435,2025-08-30,Chicago,Midwest,Sea,Carrier A,11.09,2121.5,456.1,3,2,-1,418.18,8.2,1,0,5.0
2436,2025-10-24,Newark,Northeast,Road,Carrier B,4.78,448.7,498.8,2,1,-1,741.84,15.4,1,0,5.0
2437,2025-09-27,Dallas,Midwest,Sea,Carrier C,1.79,184.4,330.2,2,4,2,125.22,5.6,0,0,4.12
2438,2025-07-15,Chicago,International,Sea,Carrier C,5.72,1043.2,6596.6,20,16,-4,1994.47,11.6,1,0,5.0
2439,2025-10-12,Seattle,Midwest,Air,Carrier A,1.16,147.8,547.0,1,1,0,2216.45,17.6,1,0,4.13
2440,2025-07-06,Newark,Southeast,Rail,Carrier C,4.95,1023.9,870.1,3,1,-2,637.82,5.6,1,0,5.0
2441,2025-06-08,Los Angeles,Northeast,Sea,Carrier A,4.63,667.8,1189.0,5,1,-4,447.67,11.9,1,0,4.95
2442,2025-07-14,Dallas,Midwest,Road,Carrier B,1.53,136.5,553.9,1,2,1,721.56,12.9,0,0,5.0
2443,2025-09-16,Seattle,Midwest,Sea,Carrier B,7.31,1454.3,446.6,2,6,4,336.12,14.3,0,0,3.59
2444,2025-06-13,Seattle,Northeast,Road,Carrier A,6.58,1201.0,894.5,3,1,-2,1344.99,17.7,1,0,4.54
2445,2025-08-27,Newark,Midwest,Road,Carrier B,8.03,1665.3,347.6,2,3,1,619.57,5.7,0,0,4.23
2446,2025-05-02,Dallas,Midwest,Road,Carrier B,5.17,997.2,419.5,2,2,0,663.57,12.7,1,0,4.93
2447,2025-05-06,Los Angeles,Northeast,Road,Carrier B,1.13,136.5,777.3,2,3,1,930.57,5.9,0,0,4.05
2448,2025-08-05,Los Angeles,West,Rail,Carrier B,7.88,1064.7,1146.2,3,1,-2,898.13,12.0,1,0,4.67
2449,2025-02-19,Los Angeles,International,Sea,Carrier A,4.63,648.0,5224.9,16,19,3,1498.16,6.4,0,0,3.63
2450,2025-01-22,Newark,Midwest,Road,Carrier A,2.47,369.7,427.5,2,1,-1,591.45,12.5,1,0,4.58
2451,2025-12-16,Seattle,International,Sea,Carrier A,2.18,354.7,6908.8,21,20,-1,2273.62,14.2,1,0,5.0
2452,2025-06-01,Dallas,Southeast,Road,Carrier C,1.86,275.4,731.0,2,1,-1,935.34,10.6,1,0,5.0
2453,2025-07-10,Dallas,Northeast,Road,Carrier C,1.76,189.5,949.3,3,3,0,1180.54,9.3,1,0,4.81
2454,2025-02-14,Chicago,International,Sea,Carrier B,5.46,761.3,6307.4,19,21,2,1764.64,4.0,0,0,3.73
2455,2025-07-21,Newark,Midwest,Road,Carrier B,7.15,636.0,401.4,2,1,-1,634.53,9.3,1,0,4.22
2456,2025-08-05,Seattle,Midwest,Road,Carrier B,4.13,410.9,538.7,1,1,0,698.67,3.5,1,0,5.0
2457,2025-05-19,Los Angeles,International,Sea,Carrier A,2.4,235.1,6342.8,19,17,-2,1922.52,17.7,1,0,5.0
2458,2025-10-18,Newark,Midwest,Sea,Carrier A,1.46,118.8,290.8,2,7,5,110.29,9.7,0,0,2.94
2459,2025-11-05,Chicago,Northeast,Road,Carrier B,7.38,826.2,554.0,1,2,1,980.79,15.0,0,0,4.55
2460,2025-03-28,Dallas,Northeast,Road,Carrier C,1.87,182.4,602.0,2,1,-1,738.57,5.6,1,0,5.0
2461,2025-06-01,Atlanta,Northeast,Road,Carrier A,2.13,236.3,522.5,2,2,0,688.53,11.3,1,0,4.83
2462,2025-06-11,Atlanta,International,Rail,Carrier B,8.26,963.9,5786.3,12,12,0,3918.15,16.8,1,0,4.7
2463,2025-03-20,Dallas,Southwest,Road,Carrier A,4.25,745.4,894.9,2,2,0,1132.11,4.3,1,0,4.8
2464,2025-09-13,Dallas,International,Air,Carrier B,3.05,405.6,4075.8,2,2,0,16416.0,17.9,1,0,4.86
2465,2025-06-23,Newark,Southeast,Air,Carrier B,2.34,396.6,1412.3,2,2,0,5235.43,7.8,1,0,5.0
2466,2025-02-12,Newark,Southeast,Road,Carrier A,6.96,980.3,461.4,1,1,0,709.87,7.4,1,0,4.85
2467,2025-11-14,Los Angeles,International,Sea,Carrier D,2.68,277.5,6777.0,20,23,3,2202.86,12.5,0,0,3.53
2468,2025-04-16,Dallas,West,Air,Carrier D,2.04,316.8,1493.1,2,1,-1,5973.29,16.6,1,0,4.23
2469,2025-01-21,Chicago,Midwest,Road,Carrier D,1.28,217.2,422.2,2,1,-1,541.89,9.6,1,0,4.89
2470,2025-07-28,Chicago,Northeast,Road,Carrier A,3.53,536.0,690.6,2,2,0,972.8,15.9,1,0,5.0
2471,2025-11-24,Atlanta,Southeast,Air,Carrier C,6.62,1435.0,1034.1,1,2,1,4798.48,16.2,0,1,2.67
2472,2025-01-23,Chicago,Southeast,Road,Carrier C,4.3,703.0,1098.1,3,1,-2,1485.46,13.6,1,0,4.91
2473,2025-09-29,Seattle,Southeast,Air,Carrier A,3.24,343.0,855.5,1,1,0,3066.65,3.1,1,0,5.0
2474,2025-08-15,Atlanta,International,Air,Carrier B,2.7,486.3,5805.1,2,2,0,20950.66,5.8,1,0,4.87
2475,2025-09-19,Seattle,Northeast,Rail,Carrier D,1.35,153.7,940.0,3,6,3,585.89,7.5,0,0,3.69
2476,2025-05-09,Chicago,Southeast,Road,Carrier D,1.26,202.6,935.9,2,2,0,1115.56,5.4,1,0,5.0
2477,2025-02-27,Atlanta,Southwest,Road,Carrier A,5.81,1234.5,573.1,2,3,1,819.1,5.1,0,0,4.48
2478,2025-05-12,Los Angeles,Southeast,Rail,Carrier C,2.91,487.6,666.2,2,2,0,484.42,11.5,1,0,5.0
2479,2025-10-22,Los Angeles,West,Road,Carrier C,3.09,445.5,957.7,3,4,1,1220.82,8.8,0,0,4.72
2480,2025-04-13,Dallas,Southeast,Road,Carrier D,2.43,374.9,455.9,2,1,-1,653.45,17.4,1,0,5.0
2481,2025-06-30,Dallas,Southwest,Road,Carrier C,6.52,847.1,645.5,2,2,0,913.91,7.5,1,0,5.0
2482,2025-08-06,Atlanta,Southeast,Road,Carrier B,8.01,979.9,1121.1,3,3,0,1490.71,6.3,1,0,4.57
2483,2025-10-17,Dallas,Northeast,Road,Carrier D,4.12,371.5,962.1,2,2,0,1251.36,9.9,1,0,5.0
2484,2025-08-22,Newark,Southeast,Air,Carrier D,4.99,472.0,1120.7,1,2,1,4577.08,17.1,0,0,4.26
2485,2025-10-21,Seattle,West,Road,Carrier A,0.74,95.5,2224.5,4,3,-1,2871.67,16.6,1,0,5.0
2486,2025-05-12,Dallas,Southeast,Road,Carrier A,3.97,547.3,1468.4,3,2,-1,1996.57,17.3,1,0,4.92
2487,2025-12-19,Chicago,Northeast,Road,Carrier B,3.34,508.9,1538.3,3,3,0,2207.57,11.5,1,0,5.0
2488,2025-04-16,Chicago,Midwest,Road,Carrier A,2.94,358.5,512.9,2,3,1,728.89,16.4,0,0,4.04
2489,2025-11-15,Atlanta,Midwest,Road,Carrier C,6.2,1207.9,567.7,2,3,1,953.97,9.5,0,0,4.9
2490,2025-10-20,Los Angeles,West,Road,Carrier A,0.97,154.4,1169.2,3,3,0,1402.61,7.2,1,0,4.87
2491,2025-03-24,Dallas,Northeast,Road,Carrier B,2.71,590.0,827.1,3,3,0,1097.61,12.0,1,0,4.44
2492,2025-10-20,Chicago,Northeast,Road,Carrier D,4.02,346.2,936.9,3,3,0,1267.8,14.4,1,0,4.6
2493,2025-10-14,Dallas,West,Air,Carrier A,4.65,539.8,1638.3,1,1,0,6584.86,16.2,1,0,5.0
2494,2025-10-12,Seattle,West,Air,Carrier A,3.82,747.9,887.8,2,2,0,3468.15,11.4,1,0,4.85
2495,2025-01-03,Newark,Midwest,Air,Carrier C,4.54,889.7,447.3,1,1,0,1739.68,6.5,1,0,4.88
2496,2025-01-09,Newark,Southeast,Road,Carrier A,9.09,867.5,1107.4,2,2,0,1624.32,16.2,1,0,5.0
2497,2025-07-29,Atlanta,Midwest,Sea,Carrier A,9.21,1057.3,623.1,3,4,1,407.56,17.5,0,0,4.23
2498,2025-05-07,Los Angeles,Southeast,Road,Carrier A,5.17,1082.9,1185.5,2,1,-1,1529.11,6.5,1,0,4.48
2499,2025-11-23,Dallas,West,Sea,Carrier A,4.08,389.2,1546.9,6,1,-5,558.54,6.7,1,0,4.85
2500,2025-05-26,Chicago,Northeast,Road,Carrier B,8.36,1038.8,881.6,2,1,-1,1249.24,8.9,1,0,5.0
2501,2025-01-29,Los Angeles,Midwest,Road,Carrier A,4.97,733.9,675.7,2,1,-1,899.93,5.3,1,0,5.0
2502,2025-04-05,Seattle,Southwest,Road,Carrier A,5.63,534.5,955.4,2,2,0,1368.91,17.8,1,0,4.8
2503,2025-02-12,Dallas,Midwest,Road,Carrier A,4.46,872.8,362.6,1,1,0,567.05,11.3,1,0,4.82
2504,2025-04-20,Atlanta,Southeast,Road,Carrier A,4.04,719.1,898.6,2,2,0,1228.24,13.2,1,0,4.36
2505,2025-10-28,Dallas,Northeast,Road,Carrier A,1.54,226.4,1109.3,2,1,-1,1361.37,8.5,1,0,4.36
2506,2025-03-19,Chicago,Northeast,Road,Carrier D,7.4,1591.0,553.7,1,2,1,826.83,3.4,0,0,4.74
2507,2025-07-27,Chicago,Southwest,Road,Carrier D,3.88,331.5,1400.6,3,3,0,1707.62,5.7,1,0,4.89
2508,2025-12-27,Chicago,International,Sea,Carrier B,10.84,1400.4,6651.9,20,24,4,2350.17,10.7,0,0,3.52
2509,2025-05-30,Dallas,Southeast,Sea,Carrier C,4.94,504.8,1050.6,4,3,-1,381.12,5.3,1,0,4.93
2510,2025-04-10,Newark,Southeast,Road,Carrier A,3.35,381.0,733.3,2,2,0,1023.98,16.9,1,0,5.0
2511,2025-12-20,Los Angeles,Southwest,Rail,Carrier B,2.13,437.5,932.5,3,2,-1,693.1,9.2,1,0,5.0
2512,2025-10-11,Chicago,Northeast,Road,Carrier D,0.36,39.5,785.7,2,1,-1,935.33,7.3,1,0,5.0
2513,2025-07-09,Dallas,International,Sea,Carrier D,2.03,406.2,4091.1,12,12,0,1145.5,6.7,1,0,5.0
2514,2025-01-08,Seattle,Midwest,Road,Carrier A,1.87,349.3,478.6,2,2,0,594.85,4.0,1,0,5.0
2515,2025-03-05,Seattle,Northeast,Road,Carrier C,4.62,746.4,885.5,3,3,0,1163.85,7.7,1,0,4.33
2516,2025-07-22,Newark,Southeast,Road,Carrier B,2.19,459.2,1276.8,3,4,1,1720.18,17.8,0,0,5.0
2517,2025-03-07,Seattle,Southwest,Air,Carrier A,0.92,80.6,900.1,1,1,0,3567.58,15.9,1,0,4.01
2518,2025-07-14,Dallas,Midwest,Rail,Carrier A,1.92,220.9,269.8,2,3,1,197.82,5.1,0,0,4.07
2519,2025-08-31,Newark,International,Sea,Carrier A,1.46,276.8,7900.2,23,25,2,2103.35,4.6,0,0,4.25
2520,2025-03-05,Seattle,Southeast,Air,Carrier B,5.48,1116.1,640.3,1,1,0,2419.1,4.5,1,0,5.0
2521,2025-07-29,Atlanta,Southeast,Air,Carrier B,1.93,347.1,1286.4,1,1,0,5140.65,16.3,1,0,4.53
2522,2025-12-31,Atlanta,Southeast,Rail,Carrier A,6.22,1231.4,921.6,2,5,3,808.66,9.1,0,1,1.8
2523,2025-04-03,Newark,Northeast,Road,Carrier A,3.11,575.4,527.1,2,3,1,727.99,11.1,0,0,4.99
2524,2025-10-07,Seattle,Midwest,Road,Carrier D,5.7,1093.5,397.6,1,1,0,606.99,5.1,1,0,5.0
2525,2025-09-02,Atlanta,Southeast,Road,Carrier B,5.94,627.5,686.5,2,3,1,937.77,7.1,0,0,5.0
2526,2025-05-10,Atlanta,Southwest,Road,Carrier C,1.04,118.8,1010.5,3,3,0,1202.24,6.1,1,0,5.0
2527,2025-11-10,Dallas,Southeast,Road,Carrier C,3.07,471.5,623.3,2,4,2,953.36,12.7,0,0,4.11
2528,2025-05-06,Seattle,Northeast,Air,Carrier A,1.34,217.6,878.3,2,2,0,3439.48,14.0,1,0,4.59
2529,2025-06-25,Los Angeles,West,Road,Carrier B,4.79,512.0,1653.0,4,5,1,2055.63,7.3,0,0,5.0
2530,2025-02-09,Seattle,Southeast,Road,Carrier C,9.42,1905.8,965.3,3,3,0,1526.88,17.6,1,0,4.84
2531,2025-04-12,Seattle,International,Sea,Carrier A,7.64,1369.4,7030.6,21,18,-3,2123.21,9.4,1,0,4.57
2532,2025-03-03,Newark,Northeast,Road,Carrier A,2.57,475.2,989.4,2,2,0,1239.22,7.7,1,0,4.84
2533,2025-09-27,Chicago,International,Sea,Carrier A,1.39,285.2,8407.2,25,27,2,2374.18,11.1,0,0,3.69
2534,2025-11-11,Newark,Midwest,Road,Carrier C,1.45,228.3,481.9,1,1,0,706.47,12.0,1,0,4.77
2535,2025-04-02,Los Angeles,Northeast,Rail,Carrier D,8.74,1281.3,657.5,2,1,-1,615.31,10.5,1,0,4.51
2536,2025-07-04,Los Angeles,International,Air,Carrier D,3.67,713.6,6872.8,2,2,0,25288.25,7.8,1,0,4.81
2537,2025-03-27,Seattle,International,Rail,Carrier C,0.77,163.1,5212.3,11,9,-2,3319.45,15.0,1,0,5.0
2538,2025-08-06,Seattle,Southeast,Air,Carrier A,4.2,680.8,970.4,1,1,0,3824.5,12.6,1,0,4.51
2539,2025-08-02,Los Angeles,Southeast,Rail,Carrier D,3.71,704.0,1329.1,3,4,1,965.73,17.5,0,1,2.77
2540,2025-12-07,Dallas,Southwest,Air,Carrier C,0.7,135.4,1035.5,1,2,1,4572.7,15.4,0,0,4.05
2541,2025-11-14,Los Angeles,Southwest,Road,Carrier C,4.09,756.5,1216.7,2,3,1,1859.53,15.5,0,0,4.6
2542,2025-02-22,Newark,Southeast,Rail,Carrier B,4.12,708.3,846.8,2,2,0,605.1,7.5,1,0,5.0
2543,2025-06-06,Dallas,Midwest,Road,Carrier B,1.24,118.9,699.2,2,1,-1,822.36,3.6,1,0,4.67
2544,2025-12-01,Newark,Midwest,Rail,Carrier D,1.4,263.8,474.3,2,3,1,348.23,5.4,0,0,4.77
2545,2025-04-14,Atlanta,Northeast,Air,Carrier C,3.84,669.1,1113.8,1,1,0,4126.12,6.4,1,0,5.0
2546,2025-10-14,Dallas,Southeast,Road,Carrier B,8.55,1744.0,1086.7,3,3,0,1461.67,3.6,1,0,4.58
2547,2025-04-01,Chicago,Northeast,Road,Carrier C,0.77,133.0,829.6,2,2,0,1080.59,16.1,1,0,5.0
2548,2025-04-14,Dallas,Southeast,Rail,Carrier A,1.16,127.2,733.2,3,3,0,468.37,9.7,1,0,5.0
2549,2025-12-18,Atlanta,Southwest,Air,Carrier A,2.41,221.3,797.3,1,3,2,3345.37,8.3,0,0,4.18
2550,2025-11-10,Atlanta,West,Road,Carrier D,3.63,452.4,1514.3,3,4,1,2049.55,5.0,0,0,4.38
2551,2025-04-12,Atlanta,Southwest,Rail,Carrier A,3.09,282.5,1246.4,4,3,-1,878.03,17.7,1,0,4.91
2552,2025-10-06,Atlanta,Northeast,Air,Carrier D,1.3,251.7,843.7,2,3,1,3010.72,3.8,0,0,5.0
2553,2025-01-21,Seattle,Southwest,Air,Carrier A,1.33,189.7,1032.2,1,2,1,3783.23,6.9,0,0,5.0
2554,2025-11-30,Los Angeles,Southeast,Road,Carrier D,2.45,492.3,1017.7,2,3,1,1532.91,15.9,0,0,4.45
2555,2025-02-25,Atlanta,Southwest,Air,Carrier B,2.65,302.1,842.9,1,1,0,3262.37,11.7,1,0,4.9
2556,2025-04-14,Chicago,Southeast,Road,Carrier C,3.58,504.5,1352.8,3,2,-1,1780.13,13.6,1,0,4.69
2557,2025-11-26,Los Angeles,West,Air,Carrier B,1.82,248.3,1855.9,2,3,1,8185.78,15.1,0,0,4.01
2558,2025-06-19,Seattle,Midwest,Sea,Carrier A,1.51,281.8,568.1,3,5,2,200.33,12.1,0,0,3.75
2559,2025-01-27,Dallas,Southeast,Road,Carrier B,7.03,1100.7,632.4,1,2,1,913.51,6.7,0,0,4.57
2560,2025-08-28,Seattle,Southeast,Rail,Carrier B,3.75,762.3,636.8,2,3,1,505.11,13.6,0,0,4.47
2561,2025-08-08,Chicago,Southwest,Road,Carrier D,6.92,1434.3,1216.2,3,2,-1,1669.25,10.3,1,0,5.0
2562,2025-03-22,Los Angeles,Midwest,Road,Carrier D,2.37,323.8,412.3,2,1,-1,594.11,17.6,1,0,4.47
2563,2025-11-13,Atlanta,West,Road,Carrier B,5.59,774.1,1073.6,2,3,1,1705.12,16.8,0,0,4.42
2564,2025-10-26,Atlanta,Midwest,Rail,Carrier C,2.67,230.6,480.4,2,1,-1,339.44,7.5,1,0,4.83
2565,2025-05-24,Newark,Northeast,Road,Carrier C,2.63,226.2,772.6,2,1,-1,1053.67,17.0,1,0,4.48
2566,2025-11-07,Dallas,Midwest,Rail,Carrier D,0.35,75.9,393.5,2,4,2,263.4,4.3,0,0,4.37
2567,2025-09-16,Seattle,Southwest,Road,Carrier A,3.34,514.0,1352.8,3,4,1,1834.41,17.3,0,0,4.98
2568,2025-06-01,Newark,Midwest,Road,Carrier B,3.39,525.8,380.8,1,1,0,537.19,8.3,1,0,4.85
2569,2025-07-29,Dallas,Southeast,Rail,Carrier C,5.37,511.7,1016.5,3,1,-2,758.32,14.0,1,0,5.0
2570,2025-11-22,Chicago,West,Sea,Carrier C,4.67,400.2,1105.8,4,5,1,465.51,13.4,0,0,4.01
2571,2025-01-28,Dallas,Midwest,Road,Carrier B,3.44,562.8,523.3,2,1,-1,707.18,7.9,1,0,5.0
2572,2025-09-04,Los Angeles,International,Sea,Carrier D,2.76,566.8,4595.4,14,16,2,1308.76,7.4,0,0,3.98
2573,2025-07-28,Chicago,Midwest,Road,Carrier A,1.42,229.5,758.4,2,2,0,921.61,6.3,1,0,5.0
2574,2025-01-23,Los Angeles,Northeast,Road,Carrier C,3.49,322.7,280.7,2,1,-1,400.63,6.2,1,0,4.92
2575,2025-02-07,Newark,Midwest,Sea,Carrier C,2.19,296.0,387.4,3,3,0,152.05,5.2,1,0,5.0
2576,2025-02-04,Newark,Southeast,Road,Carrier D,1.96,409.3,1012.2,2,1,-1,1308.72,12.5,1,0,5.0
2577,2025-03-04,Newark,Midwest,Air,Carrier B,1.13,111.0,788.2,1,1,0,2996.71,10.9,1,0,4.68
2578,2025-05-01,Los Angeles,Northeast,Air,Carrier A,6.76,1066.8,776.2,1,1,0,3156.98,13.0,1,0,4.94
2579,2025-02-05,Los Angeles,West,Road,Carrier A,3.3,636.3,1258.6,3,5,2,1692.84,15.5,0,0,4.65
2580,2025-07-29,Dallas,Southeast,Road,Carrier A,2.72,346.9,720.5,2,3,1,921.29,8.3,0,0,4.88
2581,2025-10-22,Los Angeles,West,Air,Carrier A,2.98,421.6,1492.3,1,1,0,5483.73,6.7,1,0,5.0
2582,2025-01-22,Seattle,Southeast,Road,Carrier A,4.3,794.1,1152.5,3,2,-1,1542.2,12.4,1,0,4.84
2583,2025-06-11,Newark,Midwest,Sea,Carrier A,1.33,219.7,510.5,2,1,-1,185.28,16.9,1,0,4.69
2584,2025-10-19,Newark,Southwest,Air,Carrier A,4.34,666.6,1340.8,1,1,0,5476.87,17.6,1,0,4.61
2585,2025-09-26,Newark,Southwest,Air,Carrier C,1.66,149.4,965.2,1,1,0,3565.88,7.6,1,0,5.0
2586,2025-08-17,Atlanta,International,Sea,Carrier B,3.78,746.3,5982.5,18,20,2,1724.71,8.5,0,0,4.16
2587,2025-12-12,Seattle,West,Sea,Carrier A,3.56,527.8,1218.8,5,5,0,477.62,10.9,1,0,5.0
2588,2025-06-14,Newark,International,Rail,Carrier A,3.11,546.2,3641.0,8,8,0,2446.1,17.8,1,1,3.9
2589,2025-12-28,Chicago,West,Road,Carrier A,6.05,1250.9,1417.1,3,6,3,2149.61,12.1,0,0,3.65
2590,2025-03-28,Seattle,Southwest,Air,Carrier C,1.95,425.5,1176.7,1,1,0,4509.15,11.3,1,0,4.83
2591,2025-07-12,Seattle,West,Road,Carrier A,5.56,617.2,1285.5,3,4,1,1688.81,10.5,0,0,4.14
2592,2025-11-02,Seattle,Midwest,Road,Carrier D,3.21,293.8,337.6,1,1,0,571.38,17.5,1,0,5.0
2593,2025-01-12,Seattle,Southeast,Road,Carrier D,6.68,1462.4,1015.1,3,4,1,1473.23,14.2,0,0,5.0
2594,2025-07-23,Los Angeles,Northeast,Road,Carrier C,5.7,1084.2,977.8,2,1,-1,1408.57,15.9,1,0,4.69
2595,2025-10-02,Dallas,West,Road,Carrier B,2.67,565.4,1377.9,3,3,0,1710.66,8.0,1,0,4.88
2596,2025-06-24,Los Angeles,Southeast,Rail,Carrier A,1.74,312.8,921.0,2,2,0,638.21,16.4,1,0,4.12
2597,2025-04-22,Newark,Midwest,Road,Carrier C,12.15,1614.7,329.2,2,2,0,726.32,16.2,1,0,5.0
2598,2025-12-31,Seattle,Southeast,Sea,Carrier B,3.26,408.0,1149.7,4,4,0,429.96,7.6,1,1,3.11
2599,2025-02-13,Atlanta,Northeast,Road,Carrier C,2.79,560.8,332.3,2,3,1,478.93,10.0,0,0,4.61
2600,2025-07-08,Los Angeles,Northeast,Air,Carrier A,11.57,1279.6,823.7,1,1,0,3375.18,11.1,1,0,5.0
2601,2025-12-17,Seattle,Midwest,Road,Carrier A,1.45,301.8,290.0,1,3,2,457.91,14.9,0,0,4.02
2602,2025-09-27,Dallas,Midwest,Road,Carrier A,2.12,282.7,483.7,2,3,1,654.26,13.2,0,0,5.0
2603,2025-05-07,Los Angeles,Northeast,Road,Carrier B,2.26,489.5,618.2,2,1,-1,771.61,4.5,1,0,5.0
2604,2025-08-17,Newark,Southwest,Sea,Carrier B,4.83,395.9,776.1,3,2,-1,314.6,9.9,1,0,4.99
2605,2025-02-06,Atlanta,Northeast,Road,Carrier B,3.03,575.4,792.3,2,1,-1,1103.68,16.7,1,0,4.65
2606,2025-12-31,Chicago,Southeast,Road,Carrier A,3.41,533.5,774.7,2,4,2,1204.14,15.6,0,0,4.87
2607,2025-10-16,Seattle,West,Road,Carrier C,1.77,224.5,1538.0,3,3,0,1925.11,11.3,1,0,4.73
2608,2025-05-16,Los Angeles,West,Road,Carrier A,2.61,306.6,1313.8,2,2,0,1562.63,4.2,1,0,5.0
2609,2025-09-27,Los Angeles,Midwest,Road,Carrier B,4.05,870.9,382.1,2,2,0,571.37,8.9,1,0,5.0
2610,2025-12-14,Seattle,Northeast,Air,Carrier B,5.06,581.5,824.7,1,2,1,3378.49,3.7,0,0,4.53
2611,2025-08-25,Atlanta,Southeast,Road,Carrier B,2.55,345.8,1368.3,3,3,0,1633.99,4.7,1,0,4.83
2612,2025-04-04,Newark,International,Sea,Carrier B,2.69,427.9,8138.4,24,25,1,2159.26,3.0,0,0,4.33
2613,2025-03-04,Atlanta,Southeast,Road,Carrier B,2.06,332.1,1041.4,2,2,0,1333.72,11.8,1,0,4.75
2614,2025-06-21,Los Angeles,International,Rail,Carrier A,6.9,679.2,5994.3,13,14,1,3647.22,6.2,0,0,4.62
2615,2025-05-06,Atlanta,Midwest,Sea,Carrier B,3.16,653.1,707.8,3,5,2,289.09,12.5,0,0,4.42
2616,2025-05-26,Chicago,Northeast,Road,Carrier D,0.56,70.0,858.0,2,1,-1,1119.08,17.1,1,0,5.0
2617,2025-12-16,Seattle,West,Road,Carrier B,2.18,320.4,1545.7,3,5,2,2199.85,12.3,0,0,4.25
2618,2025-02-13,Chicago,Northeast,Road,Carrier C,6.9,963.9,830.4,2,3,1,1205.69,13.2,0,0,4.52
2619,2025-02-21,Newark,West,Road,Carrier A,3.57,701.8,1784.0,3,3,0,2276.73,11.0,1,0,4.75
2620,2025-07-29,Seattle,West,Rail,Carrier D,2.06,284.8,499.9,2,1,-1,331.91,3.7,1,1,3.89
2621,2025-11-14,Seattle,Northeast,Sea,Carrier C,4.67,949.3,993.5,4,9,5,436.93,6.6,0,0,3.39
2622,2025-03-29,Chicago,Northeast,Road,Carrier A,4.55,482.9,1085.5,2,3,1,1406.12,9.3,0,0,4.36
2623,2025-01-27,Los Angeles,Midwest,Air,Carrier A,6.43,1289.7,201.3,1,1,0,875.67,3.6,1,0,5.0
2624,2025-10-02,Seattle,International,Sea,Carrier B,2.6,512.8,8453.5,25,26,1,2356.56,8.2,0,0,3.82
2625,2025-05-18,Los Angeles,Northeast,Road,Carrier A,8.95,1146.9,616.4,2,1,-1,984.53,13.2,1,0,4.79
2626,2025-08-30,Atlanta,Midwest,Road,Carrier A,9.13,1031.1,574.3,2,1,-1,861.23,5.0,1,0,4.86
2627,2025-08-25,Atlanta,Southeast,Air,Carrier A,2.38,390.6,1086.7,1,1,0,4342.49,15.8,1,0,4.59
2628,2025-05-26,Atlanta,International,Sea,Carrier C,8.62,958.2,8676.3,26,24,-2,2454.15,4.6,1,0,4.89
2629,2025-01-01,Chicago,Midwest,Air,Carrier D,0.66,67.9,686.6,1,1,0,2537.93,8.1,1,0,4.55
2630,2025-01-18,Seattle,Southeast,Road,Carrier B,3.88,449.0,1172.4,3,2,-1,1411.34,3.0,1,0,5.0
2631,2025-03-05,Atlanta,Southwest,Road,Carrier A,5.6,924.8,847.1,2,4,2,1206.42,13.6,0,0,4.65
2632,2025-10-28,Los Angeles,Southeast,Rail,Carrier A,1.23,156.4,1213.8,4,2,-2,748.72,7.9,1,0,4.79
2633,2025-03-30,Seattle,Northeast,Road,Carrier A,4.99,1076.2,963.2,3,1,-2,1386.55,16.7,1,0,4.97
2634,2025-01-14,Seattle,Midwest,Sea,Carrier C,2.44,425.0,512.0,3,1,-2,217.0,16.8,1,0,4.98
2635,2025-03-16,Seattle,Midwest,Road,Carrier A,2.37,476.8,430.6,1,3,2,563.45,5.7,0,0,3.12
2636,2025-05-21,Chicago,Northeast,Sea,Carrier D,4.04,671.1,731.8,3,6,3,324.14,17.0,0,0,3.88
2637,2025-01-11,Dallas,Northeast,Road,Carrier B,2.78,568.2,1076.7,3,3,0,1455.24,16.0,1,0,4.87
2638,2025-11-01,Chicago,West,Road,Carrier D,2.56,444.0,1510.7,3,5,2,2191.36,13.6,0,0,4.02
2639,2025-11-21,Dallas,Northeast,Road,Carrier B,4.92,1071.0,880.9,2,4,2,1375.21,12.0,0,0,4.2
2640,2025-05-29,Seattle,Southeast,Sea,Carrier B,0.1,9.1,898.8,4,1,-3,252.72,11.5,1,0,5.0
2641,2025-10-17,Los Angeles,Midwest,Road,Carrier B,3.83,377.4,530.5,2,3,1,686.21,4.0,0,0,5.0
2642,2025-01-16,Newark,International,Sea,Carrier B,3.38,492.4,5016.9,16,15,-1,1466.5,10.3,1,0,5.0
2643,2025-08-13,Chicago,Northeast,Sea,Carrier B,2.62,455.5,681.5,3,6,3,240.39,3.4,0,0,3.68
2644,2025-09-21,Chicago,West,Sea,Carrier C,7.07,1202.9,1486.0,5,5,0,606.58,12.8,1,1,3.42
2645,2025-05-29,Seattle,West,Sea,Carrier C,5.83,665.3,1071.3,4,1,-3,449.55,15.7,1,0,5.0
2646,2025-08-06,Newark,Northeast,Road,Carrier C,2.72,325.8,487.0,2,3,1,665.6,12.3,0,0,4.52
2647,2025-03-07,Seattle,Midwest,Sea,Carrier B,2.97,347.3,247.6,1,1,0,141.53,14.3,1,0,5.0
2648,2025-05-03,Dallas,Southwest,Sea,Carrier B,2.49,274.3,1135.7,4,4,0,367.87,9.8,1,0,5.0
2649,2025-06-05,Chicago,West,Road,Carrier A,4.73,530.9,2343.2,5,6,1,3129.78,17.0,0,0,4.8
2650,2025-03-11,Atlanta,Southwest,Sea,Carrier A,1.17,229.0,1231.0,5,9,4,387.3,15.0,0,0,3.09
2651,2025-08-24,Dallas,Northeast,Air,Carrier B,4.18,915.3,821.0,1,1,0,3122.99,7.7,1,0,4.49
2652,2025-09-01,Newark,Midwest,Road,Carrier A,1.52,304.4,513.0,2,2,0,675.81,12.2,1,0,4.87
2653,2025-09-20,Atlanta,Southeast,Rail,Carrier A,0.7,121.4,965.3,3,2,-1,632.29,15.5,1,0,4.87
2654,2025-11-07,Los Angeles,Midwest,Rail,Carrier A,8.06,755.7,426.4,2,3,1,517.01,17.4,0,0,4.53
2655,2025-05-18,Newark,Midwest,Rail,Carrier A,4.13,412.7,523.2,2,2,0,407.05,9.9,1,0,5.0
2656,2025-09-16,Dallas,Midwest,Sea,Carrier A,2.26,335.0,240.1,1,1,0,125.24,13.1,1,0,4.42
2657,2025-02-23,Chicago,International,Air,Carrier C,2.15,243.4,6667.4,3,3,0,25007.88,10.1,1,0,5.0
2658,2025-08-22,Los Angeles,Northeast,Air,Carrier B,5.41,477.7,817.0,2,3,1,2975.22,3.2,0,0,4.54
2659,2025-08-05,Atlanta,Northeast,Rail,Carrier B,1.85,149.0,1011.1,3,4,1,681.2,15.2,0,0,4.39
2660,2025-12-05,Chicago,Northeast,Road,Carrier C,2.34,363.2,710.5,2,4,2,1081.75,15.7,0,0,4.62
2661,2025-01-14,Chicago,Southwest,Air,Carrier A,4.73,762.7,1317.1,2,3,1,4779.85,4.2,0,0,3.84
2662,2025-01-03,Los Angeles,Northeast,Air,Carrier B,4.06,469.6,756.8,1,1,0,2918.08,9.8,1,0,4.57
2663,2025-02-06,Atlanta,International,Air,Carrier B,2.73,439.1,3841.3,2,2,0,14606.27,11.3,1,0,4.37
2664,2025-01-04,Los Angeles,Southeast,Sea,Carrier A,7.53,1096.5,1179.8,5,4,-1,512.29,10.7,1,0,4.76
2665,2025-10-17,Atlanta,Southeast,Road,Carrier D,2.66,439.3,599.6,2,4,2,790.73,9.6,0,0,4.33
2666,2025-05-05,Seattle,West,Road,Carrier A,10.86,1702.3,1643.2,4,3,-1,2372.05,15.4,1,0,5.0
2667,2025-01-07,Newark,Southeast,Sea,Carrier B,2.87,536.8,831.0,3,5,2,290.44,4.6,0,0,4.99
2668,2025-04-04,Chicago,West,Road,Carrier C,5.5,779.2,1569.6,3,2,-1,1975.48,6.9,1,0,5.0
2669,2025-06-28,Atlanta,Southwest,Road,Carrier C,3.6,544.6,1115.8,3,2,-1,1430.3,9.3,1,0,4.57
2670,2025-05-23,Chicago,Midwest,Road,Carrier A,4.4,443.2,471.7,2,1,-1,653.69,7.7,1,0,4.84
2671,2025-11-19,Dallas,Southeast,Rail,Carrier B,1.39,145.0,1186.5,4,3,-1,895.73,17.5,1,1,3.27
2672,2025-03-08,Seattle,Midwest,Road,Carrier B,11.46,2291.1,510.4,2,2,0,954.68,12.6,1,0,5.0
2673,2025-10-19,Los Angeles,West,Road,Carrier B,12.15,1256.0,1639.9,4,3,-1,2212.74,8.0,1,0,4.2
2674,2025-11-15,Seattle,West,Road,Carrier A,2.72,375.0,2088.7,4,4,0,2774.54,5.1,1,0,4.73
2675,2025-04-24,Chicago,Northeast,Road,Carrier B,3.24,318.2,713.9,2,1,-1,912.68,7.4,1,0,4.66
2676,2025-11-26,Chicago,Midwest,Air,Carrier D,1.88,279.7,383.6,1,3,2,1710.1,13.4,0,0,4.58
2677,2025-07-02,Atlanta,Midwest,Road,Carrier C,0.95,203.4,335.3,2,2,0,422.05,7.3,1,0,4.65
2678,2025-06-17,Dallas,Southeast,Road,Carrier C,2.82,456.6,719.9,2,2,0,965.8,12.7,1,0,5.0
2679,2025-10-02,Atlanta,Southwest,Air,Carrier B,1.23,171.8,875.4,1,1,0,3264.72,8.7,1,0,5.0
2680,2025-06-19,Seattle,Northeast,Road,Carrier A,4.26,487.2,644.6,2,1,-1,862.78,8.2,1,0,5.0
2681,2025-02-04,Chicago,Northeast,Rail,Carrier A,1.77,316.3,522.0,2,2,0,385.38,17.0,1,0,5.0
2682,2025-01-21,Los Angeles,Southeast,Road,Carrier D,5.13,1035.8,982.8,3,3,0,1336.87,10.5,1,0,5.0
2683,2025-01-19,Newark,Midwest,Sea,Carrier B,5.96,1144.0,451.9,3,1,-2,282.62,8.9,1,0,5.0
2684,2025-03-21,Seattle,International,Sea,Carrier C,2.85,351.4,6354.2,20,17,-3,1879.79,14.0,1,0,4.71
2685,2025-03-26,Newark,International,Sea,Carrier D,7.24,714.3,4976.9,15,15,0,1519.1,9.4,1,0,5.0
2686,2025-01-11,Dallas,Southeast,Road,Carrier B,3.42,619.6,1049.4,2,3,1,1328.14,7.4,0,0,5.0
2687,2025-09-02,Chicago,Southwest,Road,Carrier A,2.23,435.6,753.4,2,1,-1,936.1,5.9,1,0,5.0
2688,2025-05-08,Seattle,Midwest,Road,Carrier C,4.41,673.6,495.7,2,2,0,676.14,4.8,1,0,5.0
2689,2025-05-06,Los Angeles,Midwest,Road,Carrier B,1.96,431.6,616.0,2,2,0,760.01,4.3,1,0,4.72
2690,2025-12-19,Atlanta,Midwest,Road,Carrier B,3.55,364.5,283.9,1,2,1,489.27,13.8,0,0,4.85
2691,2025-07-02,Dallas,International,Rail,Carrier A,6.7,1166.9,5750.9,13,13,0,3524.51,6.1,1,0,4.89
2692,2025-12-30,Los Angeles,Midwest,Road,Carrier B,7.85,1117.0,518.2,2,4,2,956.16,14.8,0,0,4.55
2693,2025-04-10,Chicago,Northeast,Rail,Carrier B,4.82,407.7,554.7,2,2,0,431.56,8.5,1,0,5.0
2694,2025-10-08,Dallas,West,Road,Carrier A,5.99,1261.1,1022.6,2,2,0,1341.68,5.0,1,0,5.0
2695,2025-11-14,Dallas,Southeast,Road,Carrier A,3.05,638.5,742.7,2,4,2,1165.29,16.3,0,0,3.82
2696,2025-07-16,Seattle,Southeast,Road,Carrier A,1.35,139.3,717.8,2,1,-1,892.02,9.2,1,0,4.37
2697,2025-03-22,Seattle,Southwest,Road,Carrier A,4.31,849.7,982.0,3,3,0,1389.15,17.0,1,0,4.92
2698,2025-08-11,Newark,Midwest,Air,Carrier A,3.35,333.4,265.8,1,1,0,1063.91,9.6,1,0,5.0
2699,2025-04-20,Dallas,Midwest,Air,Carrier A,2.61,547.8,428.3,1,1,0,1702.66,11.8,1,0,5.0
2700,2025-11-19,Atlanta,Southwest,Road,Carrier A,3.87,474.6,817.9,2,2,0,1231.12,12.0,1,0,5.0
2701,2025-03-06,Dallas,Southeast,Air,Carrier B,1.85,342.3,951.5,1,1,0,3614.29,10.2,1,0,4.34
2702,2025-01-01,Atlanta,West,Road,Carrier C,3.52,583.0,1253.5,3,3,0,1602.51,9.7,1,0,4.93
2703,2025-02-07,Newark,Southwest,Road,Carrier C,8.11,1534.6,973.3,2,2,0,1428.9,12.6,1,0,5.0
2704,2025-09-09,Los Angeles,Southeast,Sea,Carrier D,2.77,334.9,765.6,4,5,1,267.86,7.3,0,0,5.0
2705,2025-04-18,Atlanta,Northeast,Road,Carrier A,1.39,155.6,889.2,2,2,0,1082.34,7.5,1,0,5.0
2706,2025-02-12,Atlanta,West,Road,Carrier B,1.53,263.1,978.9,2,2,0,1299.78,16.8,1,0,5.0
2707,2025-12-17,Newark,International,Rail,Carrier A,2.8,347.1,8622.5,18,19,1,6093.25,13.3,0,0,5.0
2708,2025-03-27,Dallas,Southeast,Rail,Carrier A,2.53,530.7,1023.1,4,3,-1,732.48,16.8,1,0,5.0
2709,2025-05-07,Newark,Northeast,Road,Carrier A,1.88,249.7,845.1,2,2,0,1041.1,7.3,1,0,4.93
2710,2025-01-07,Newark,Northeast,Road,Carrier D,5.52,899.0,670.7,2,2,0,977.14,12.9,1,0,5.0
2711,2025-10-03,Atlanta,International,Rail,Carrier B,1.05,152.3,7157.3,15,13,-2,4637.02,17.1,1,0,5.0
2712,2025-07-28,Los Angeles,West,Air,Carrier D,2.66,390.7,1699.9,1,2,1,6802.61,16.5,0,0,5.0
2713,2025-10-13,Los Angeles,Northeast,Rail,Carrier B,1.07,123.0,592.5,2,2,0,365.13,4.9,1,1,3.42
2714,2025-02-09,Atlanta,Southeast,Road,Carrier A,3.09,372.0,852.5,2,4,2,1133.07,13.0,0,0,4.45
2715,2025-06-07,Los Angeles,West,Road,Carrier B,3.51,547.8,1482.7,3,5,2,1808.57,5.7,0,0,4.32
2716,2025-05-18,Newark,West,Road,Carrier A,2.04,443.8,1443.9,3,2,-1,1834.72,11.8,1,0,5.0
2717,2025-11-17,Dallas,Midwest,Road,Carrier A,3.33,485.6,549.5,1,2,1,879.58,15.7,0,0,4.73
2718,2025-07-05,Dallas,Midwest,Sea,Carrier C,1.83,252.5,541.0,2,3,1,187.59,7.0,0,0,5.0
2719,2025-03-17,Dallas,Midwest,Rail,Carrier A,1.51,314.6,648.3,2,4,2,417.83,5.8,0,0,4.58
2720,2025-10-25,Newark,International,Rail,Carrier C,4.24,353.7,6367.0,14,13,-1,3805.22,6.2,1,0,5.0
2721,2025-12-27,Dallas,International,Sea,Carrier B,0.3,51.9,6298.6,18,18,0,1922.14,8.5,1,0,5.0
2722,2025-11-28,Dallas,Northeast,Road,Carrier C,3.83,585.5,820.3,3,2,-1,1205.24,8.8,1,0,5.0
2723,2025-08-17,Seattle,Midwest,Rail,Carrier D,2.42,334.9,694.6,3,1,-2,495.09,13.8,1,0,5.0
2724,2025-12-23,Dallas,Northeast,Road,Carrier C,2.07,259.0,865.3,2,3,1,1301.53,16.7,0,1,3.03
2725,2025-05-23,Seattle,Southwest,Road,Carrier A,3.16,568.7,564.0,1,2,1,746.32,7.2,0,0,4.94
2726,2025-04-21,Los Angeles,Southwest,Road,Carrier A,4.75,987.0,964.9,2,4,2,1362.95,15.3,0,0,4.06
2727,2025-02-09,Newark,Southeast,Air,Carrier A,2.04,236.5,1056.0,2,2,0,3774.46,3.9,1,0,4.88
2728,2025-04-09,Dallas,International,Sea,Carrier B,6.23,875.2,4645.6,14,12,-2,1427.18,9.9,1,0,4.46
2729,2025-07-23,Seattle,Midwest,Road,Carrier D,4.45,662.3,512.2,1,1,0,753.56,13.6,1,0,4.97
2730,2025-05-05,Newark,Northeast,Air,Carrier D,2.75,292.8,890.2,2,2,0,3215.21,4.3,1,0,4.74
2731,2025-02-26,Los Angeles,Midwest,Rail,Carrier A,2.25,430.1,520.5,2,1,-1,369.48,8.2,1,0,5.0
2732,2025-12-11,Dallas,Southeast,Air,Carrier A,2.23,417.3,962.4,1,2,1,3896.91,4.6,0,0,4.95
2733,2025-06-07,Chicago,International,Sea,Carrier B,5.38,1175.8,6414.0,19,23,4,1795.21,3.0,0,0,3.45
2734,2025-08-22,Newark,Northeast,Sea,Carrier A,2.19,243.7,799.4,3,4,1,268.9,9.8,0,0,4.93
2735,2025-01-14,Chicago,Midwest,Road,Carrier B,1.17,233.5,660.7,2,1,-1,849.05,12.3,1,0,4.84
2736,2025-06-07,Dallas,Midwest,Rail,Carrier A,6.47,1350.8,575.0,2,1,-1,541.94,12.7,1,0,4.41
2737,2025-09-13,Seattle,West,Sea,Carrier B,2.6,251.4,823.3,3,4,1,290.03,12.7,0,0,4.76
2738,2025-07-11,Chicago,Midwest,Road,Carrier A,0.1,18.9,613.8,2,3,1,789.44,16.5,0,0,4.92
2739,2025-05-28,Newark,West,Air,Carrier C,2.22,182.6,950.7,1,1,0,3680.74,12.4,1,0,4.7
2740,2025-12-06,Chicago,Southeast,Rail,Carrier B,1.51,174.1,1416.0,4,5,1,1029.02,13.4,0,0,3.83
2741,2025-06-02,Chicago,Midwest,Road,Carrier C,4.23,545.0,577.3,2,2,0,774.42,6.7,1,0,5.0
2742,2025-02-07,Seattle,Midwest,Road,Carrier B,3.81,572.3,642.2,2,1,-1,820.63,3.6,1,0,4.99
2743,2025-11-06,Atlanta,Midwest,Rail,Carrier A,1.48,305.6,767.7,3,3,0,593.19,15.2,1,0,5.0
2744,2025-11-02,Chicago,International,Sea,Carrier A,2.49,298.5,5029.8,15,18,3,1631.26,11.2,0,0,3.86
2745,2025-01-06,Dallas,Northeast,Air,Carrier A,7.17,888.5,621.7,1,1,0,2356.54,4.0,1,0,5.0
2746,2025-06-26,Chicago,Southwest,Air,Carrier B,4.57,781.6,1187.5,1,1,0,4547.15,9.7,1,0,5.0
2747,2025-09-13,Chicago,Southwest,Road,Carrier C,4.68,449.5,1292.0,2,1,-1,1766.73,16.7,1,0,5.0
2748,2025-03-12,Chicago,Southwest,Road,Carrier A,1.99,228.7,855.1,2,2,0,1063.44,8.3,1,0,5.0
2749,2025-09-30,Los Angeles,Southeast,Sea,Carrier A,3.37,416.2,885.2,3,5,2,318.1,8.7,0,0,4.42
2750,2025-02-20,Atlanta,Southeast,Road,Carrier B,6.32,922.6,1191.8,3,3,0,1514.33,4.3,1,0,5.0
2751,2025-03-12,Seattle,Southeast,Rail,Carrier A,2.66,238.2,641.2,2,1,-1,456.21,12.8,1,0,4.92
2752,2025-08-21,Dallas,International,Sea,Carrier B,3.79,310.8,5202.7,16,14,-2,1429.32,4.1,1,0,5.0
2753,2025-07-03,Chicago,Midwest,Sea,Carrier C,1.53,226.1,349.6,2,4,2,126.92,4.4,0,0,4.0
2754,2025-06-11,Seattle,Midwest,Road,Carrier A,3.27,685.7,432.0,1,2,1,611.09,9.4,0,0,4.14
2755,2025-10-25,Los Angeles,Southeast,Road,Carrier C,1.37,126.8,959.5,2,1,-1,1209.08,11.7,1,0,4.07
2756,2025-01-30,Los Angeles,Southwest,Road,Carrier A,6.24,1054.9,541.0,1,1,0,871.31,17.5,1,0,5.0
2757,2025-06-07,Newark,Southeast,Rail,Carrier D,7.86,1093.9,361.7,1,1,0,409.12,10.1,1,0,4.58
2758,2025-10-30,Newark,Southeast,Road,Carrier B,3.12,423.3,931.6,3,3,0,1229.35,12.5,1,0,4.66
2759,2025-02-04,Dallas,Southeast,Air,Carrier A,7.72,835.1,1197.5,1,1,0,4364.41,3.2,1,0,5.0
2760,2025-07-14,Newark,Southeast,Road,Carrier A,3.47,705.0,870.5,3,3,0,1219.27,16.7,1,0,4.98
2761,2025-01-02,Atlanta,Midwest,Road,Carrier A,3.36,373.9,528.7,1,1,0,690.92,6.2,1,0,4.78
2762,2025-05-17,Seattle,International,Sea,Carrier A,5.51,704.4,5581.1,17,20,3,1570.6,3.8,0,0,4.13
2763,2025-07-19,Chicago,Midwest,Road,Carrier C,4.74,984.6,486.9,2,4,2,686.83,4.7,0,0,3.55
2764,2025-06-24,Newark,Southwest,Air,Carrier A,1.26,201.2,820.6,1,1,0,3027.53,7.4,1,0,4.75
2765,2025-06-03,Dallas,Northeast,Sea,Carrier C,1.43,220.2,620.4,3,7,4,209.7,11.8,0,0,3.55
2766,2025-01-28,Dallas,Midwest,Road,Carrier C,0.4,45.4,474.1,1,2,1,624.12,17.8,0,0,4.8
2767,2025-06-28,Chicago,Midwest,Sea,Carrier B,1.53,303.8,168.4,2,2,0,87.58,9.2,1,0,5.0
2768,2025-12-05,Los Angeles,Midwest,Sea,Carrier B,2.89,593.3,514.7,3,3,0,261.13,15.6,1,0,4.75
2769,2025-07-29,Atlanta,Northeast,Sea,Carrier B,2.34,204.2,455.2,2,1,-1,180.76,13.6,1,0,5.0
2770,2025-02-25,Atlanta,West,Rail,Carrier B,6.55,1194.5,1673.2,4,2,-2,1148.29,6.5,1,0,5.0
2771,2025-10-24,Atlanta,Northeast,Air,Carrier B,10.6,2044.2,926.8,1,2,1,3790.97,11.1,0,0,4.7
2772,2025-02-02,Los Angeles,Northeast,Road,Carrier B,3.68,610.1,847.2,3,2,-1,1106.12,8.7,1,0,5.0
2773,2025-10-06,Atlanta,Midwest,Road,Carrier D,5.67,801.6,301.2,1,1,0,476.04,4.3,1,0,5.0
2774,2025-03-22,Seattle,Southeast,Road,Carrier A,8.29,1036.9,1123.8,3,4,1,1655.27,17.2,0,0,3.43
2775,2025-11-01,Newark,International,Sea,Carrier A,0.43,60.2,6886.3,21,18,-3,1998.79,3.1,1,0,4.79
2776,2025-01-06,Chicago,Southwest,Rail,Carrier C,4.78,448.1,957.1,3,3,0,679.44,9.5,1,0,3.77
2777,2025-05-01,Los Angeles,Northeast,Sea,Carrier B,3.84,426.8,834.9,4,2,-2,299.21,4.0,1,0,5.0
2778,2025-05-20,Dallas,Southeast,Rail,Carrier C,2.93,601.4,1056.4,3,2,-1,704.84,7.6,1,0,4.87
2779,2025-11-11,Newark,West,Road,Carrier C,3.02,494.5,1375.2,3,3,0,1992.41,12.4,1,0,4.66
2780,2025-02-01,Seattle,Northeast,Rail,Carrier D,7.26,993.6,1204.2,3,3,0,907.88,10.6,1,0,5.0
2781,2025-09-02,Los Angeles,West,Rail,Carrier A,4.94,1007.9,990.1,3,4,1,766.66,14.6,0,0,5.0
2782,2025-06-22,Seattle,Midwest,Road,Carrier C,4.24,502.2,562.6,2,2,0,825.76,16.7,1,0,5.0
2783,2025-05-28,Seattle,Southeast,Road,Carrier A,3.99,660.9,1352.8,3,3,0,1807.01,14.3,1,1,3.07
2784,2025-04-22,Chicago,West,Road,Carrier B,3.39,719.8,1197.6,3,4,1,1597.93,13.8,0,0,4.4
2785,2025-12-15,Atlanta,Midwest,Road,Carrier A,1.77,147.9,755.7,2,3,1,1011.7,4.4,0,0,3.85
2786,2025-02-24,Atlanta,Southwest,Road,Carrier B,3.96,833.5,1186.1,3,3,0,1619.46,15.2,1,0,4.75
2787,2025-07-16,Dallas,Midwest,Air,Carrier A,3.03,413.0,382.1,1,1,0,1411.57,3.4,1,0,5.0
2788,2025-12-07,Newark,Southeast,Sea,Carrier C,6.64,1453.2,765.3,3,3,0,468.78,15.1,1,0,4.87
2789,2025-01-08,Newark,Northeast,Road,Carrier B,0.94,93.2,592.1,2,2,0,765.82,14.3,1,0,5.0
2790,2025-01-19,Chicago,Midwest,Air,Carrier C,4.24,565.7,576.3,2,3,1,2178.58,6.2,0,0,5.0
2791,2025-03-12,Dallas,Northeast,Rail,Carrier A,1.91,257.2,1135.3,3,3,0,743.82,11.7,1,0,4.86
2792,2025-05-18,Los Angeles,Southeast,Rail,Carrier B,0.28,26.9,1053.1,3,4,1,625.74,7.0,0,0,4.59
2793,2025-02-08,Newark,Northeast,Road,Carrier A,2.33,367.4,932.7,2,1,-1,1123.51,4.1,1,0,5.0
2794,2025-08-28,Los Angeles,Northeast,Road,Carrier B,11.26,1134.5,919.0,2,1,-1,1412.02,14.2,1,0,5.0
2795,2025-07-26,Newark,International,Sea,Carrier C,2.77,438.4,6998.1,21,19,-2,1983.46,9.4,1,0,5.0
2796,2025-02-20,Chicago,Midwest,Road,Carrier A,2.1,320.6,409.1,1,1,0,570.11,14.6,1,0,4.59
2797,2025-12-13,Dallas,West,Rail,Carrier D,5.84,666.6,1601.8,4,4,0,1172.63,4.5,1,0,5.0
2798,2025-10-15,Atlanta,Southwest,Road,Carrier D,6.67,1008.6,882.2,2,1,-1,1174.71,4.8,1,0,5.0
2799,2025-01-30,Newark,Northeast,Rail,Carrier B,7.02,968.1,920.8,3,1,-2,705.65,6.9,1,0,5.0
2800,2025-08-17,Dallas,Southwest,Air,Carrier C,6.87,818.7,1570.2,2,1,-1,5986.91,9.2,1,0,4.61
2801,2025-12-20,Chicago,Northeast,Road,Carrier A,2.98,634.9,720.5,2,3,1,1004.39,3.2,0,1,2.88
2802,2025-06-27,Newark,West,Road,Carrier A,1.31,150.8,875.4,2,2,0,1047.53,5.8,1,0,4.59
2803,2025-01-08,Dallas,Southeast,Road,Carrier B,3.16,506.8,998.6,3,2,-1,1223.93,4.5,1,0,5.0
2804,2025-02-05,Chicago,Southeast,Air,Carrier A,8.4,928.0,1102.2,1,1,0,4084.71,4.2,1,0,4.64
2805,2025-06-24,Seattle,Northeast,Road,Carrier B,3.03,380.3,582.3,2,1,-1,813.66,15.4,1,0,5.0
2806,2025-12-02,Dallas,Midwest,Sea,Carrier D,1.4,233.1,468.4,3,7,4,189.44,12.9,0,0,3.16
2807,2025-08-30,Atlanta,West,Road,Carrier C,8.9,1390.6,1362.3,3,2,-1,1791.65,5.3,1,0,5.0
2808,2025-02-16,Chicago,Southwest,Sea,Carrier C,2.32,426.2,1113.3,4,7,3,360.51,7.8,0,0,3.12
2809,2025-03-11,Newark,West,Road,Carrier A,1.5,153.9,1271.3,3,4,1,1491.44,4.4,0,0,3.58
2810,2025-02-20,Atlanta,West,Road,Carrier B,6.25,659.1,907.8,2,1,-1,1209.76,7.5,1,0,4.58
2811,2025-11-09,Chicago,International,Air,Carrier A,4.24,894.0,5061.9,2,3,1,20522.21,5.8,0,0,4.82
2812,2025-02-23,Los Angeles,Northeast,Road,Carrier B,1.24,229.2,621.6,2,1,-1,817.38,14.5,1,0,4.62
2813,2025-10-04,Chicago,Southwest,Sea,Carrier A,8.75,1539.6,822.9,3,2,-1,453.37,9.5,1,0,5.0
2814,2025-04-13,Newark,Northeast,Sea,Carrier C,1.39,153.6,773.3,3,2,-1,254.4,14.7,1,0,4.6
2815,2025-04-30,Dallas,Southwest,Road,Carrier B,2.99,264.0,957.9,3,2,-1,1306.32,17.5,1,0,4.1
2816,2025-04-04,Atlanta,Midwest,Road,Carrier B,4.8,520.0,368.6,1,1,0,519.5,3.2,1,0,4.91
2817,2025-02-09,Chicago,West,Road,Carrier A,3.95,666.8,1733.5,3,2,-1,2163.37,8.2,1,0,4.53
2818,2025-10-19,Seattle,West,Road,Carrier D,1.25,179.9,1301.0,3,3,0,1543.43,5.8,1,0,4.72
2819,2025-11-26,Chicago,International,Air,Carrier B,3.26,305.2,6564.9,2,3,1,28355.28,13.1,0,0,4.64
2820,2025-08-05,Dallas,Southwest,Road,Carrier D,2.92,452.7,775.2,2,2,0,1072.57,16.7,1,0,4.76
2821,2025-05-23,Los Angeles,Northeast,Rail,Carrier D,0.58,125.8,970.3,3,3,0,592.47,8.0,1,0,4.82
2822,2025-03-01,Seattle,Midwest,Sea,Carrier A,3.5,723.6,425.4,2,1,-1,221.56,13.6,1,0,5.0
2823,2025-02-11,Chicago,Northeast,Sea,Carrier A,1.88,267.9,1071.2,4,6,2,355.1,14.8,0,0,4.51
2824,2025-05-22,Dallas,Midwest,Road,Carrier D,3.47,315.6,880.4,3,3,0,1158.55,11.8,1,0,5.0
2825,2025-09-21,Dallas,West,Road,Carrier B,2.95,253.9,1127.6,2,4,2,1523.11,17.4,0,0,4.17
2826,2025-08-12,Los Angeles,Southeast,Road,Carrier C,1.79,254.7,1193.9,3,5,2,1396.21,3.2,0,0,4.0
2827,2025-10-04,Los Angeles,West,Road,Carrier A,3.09,253.2,1783.6,3,4,1,2318.03,14.7,0,0,4.43
2828,2025-10-07,Newark,Southwest,Rail,Carrier B,4.98,1033.2,717.1,3,2,-1,603.56,15.9,1,0,4.52
2829,2025-11-17,Newark,Southeast,Road,Carrier A,1.91,286.0,766.6,2,2,0,1071.87,8.0,1,0,5.0
2830,2025-04-28,Seattle,Midwest,Road,Carrier B,3.84,763.1,439.9,2,1,-1,635.76,9.7,1,0,4.73
2831,2025-03-21,Chicago,Northeast,Rail,Carrier D,3.24,665.8,974.4,2,1,-1,696.97,12.8,1,0,4.48
2832,2025-01-03,Dallas,West,Road,Carrier B,1.11,229.1,1209.4,3,2,-1,1559.51,14.8,1,0,4.76
2833,2025-11-25,Los Angeles,Midwest,Road,Carrier D,1.13,183.6,721.0,2,3,1,1072.54,16.9,0,0,4.39
2834,2025-09-11,Newark,Midwest,Rail,Carrier A,4.94,725.6,425.1,1,1,0,369.41,7.3,1,0,4.94
2835,2025-12-29,Atlanta,Northeast,Road,Carrier C,1.36,248.7,613.9,2,4,2,905.02,14.1,0,1,2.53
2836,2025-09-01,Chicago,Southeast,Sea,Carrier B,10.36,882.9,1110.7,4,6,2,503.04,5.4,0,0,3.79
2837,2025-12-25,Newark,Northeast,Air,Carrier B,1.45,157.3,774.6,2,3,1,3459.92,16.0,0,0,4.44
2838,2025-08-01,Newark,Southeast,Rail,Carrier B,6.25,701.7,1104.7,3,5,2,764.47,3.8,0,0,4.83
2839,2025-11-02,Seattle,Midwest,Road,Carrier B,4.15,896.6,469.1,2,4,2,748.86,7.3,0,0,4.27
2840,2025-05-22,Newark,Northeast,Sea,Carrier B,6.02,1174.5,796.5,4,6,2,393.48,13.0,0,0,4.58
2841,2025-03-27,Los Angeles,Southeast,Road,Carrier B,3.86,507.4,1006.9,3,2,-1,1377.78,15.7,1,0,5.0
2842,2025-10-09,Seattle,International,Sea,Carrier A,0.84,165.5,6334.1,20,25,5,1827.48,13.9,0,0,2.86
2843,2025-05-23,Los Angeles,West,Air,Carrier A,6.24,1106.8,709.0,1,2,1,2697.91,5.4,0,0,5.0
2844,2025-03-15,Seattle,Northeast,Road,Carrier B,7.61,1640.9,691.0,2,1,-1,1055.7,10.4,1,0,4.7
2845,2025-10-23,Seattle,Southwest,Rail,Carrier B,3.4,307.1,1083.9,3,2,-1,746.04,12.6,1,0,4.61
2846,2025-10-17,Seattle,West,Road,Carrier B,4.66,463.2,1434.8,4,4,0,1841.77,10.2,1,0,5.0
2847,2025-11-27,Atlanta,Midwest,Road,Carrier B,5.63,808.8,504.1,2,2,0,879.72,15.6,1,0,5.0
2848,2025-10-22,Dallas,International,Air,Carrier A,3.85,758.5,7118.3,3,4,1,25391.24,4.5,0,0,4.75
2849,2025-05-10,Seattle,Southeast,Road,Carrier A,9.7,1240.7,909.4,3,3,0,1263.43,4.6,1,0,5.0
2850,2025-10-08,Atlanta,Southeast,Air,Carrier A,6.03,661.9,727.2,1,1,0,2816.77,8.5,1,0,5.0
2851,2025-11-26,Atlanta,West,Road,Carrier A,3.79,619.6,1450.5,3,4,1,1945.66,3.2,0,1,3.15
2852,2025-01-30,Newark,Northeast,Sea,Carrier A,4.96,545.6,680.6,3,4,1,300.6,10.6,0,0,4.85
2853,2025-04-17,Atlanta,West,Road,Carrier B,2.74,257.4,1426.5,3,2,-1,1762.72,8.6,1,0,5.0
2854,2025-08-26,Dallas,Midwest,Road,Carrier A,1.64,352.6,584.6,2,4,2,742.79,8.4,0,0,4.38
2855,2025-02-15,Los Angeles,Southwest,Road,Carrier C,2.45,453.6,1174.4,3,3,0,1522.91,12.7,1,0,5.0
2856,2025-01-28,Los Angeles,West,Road,Carrier B,0.26,27.1,1425.2,3,3,0,1854.67,17.9,1,0,4.81
2857,2025-11-14,Los Angeles,Midwest,Air,Carrier C,2.8,354.8,495.1,1,3,2,2053.7,5.2,0,0,3.76
2858,2025-04-19,Dallas,Southwest,Road,Carrier A,4.03,701.2,1570.3,3,5,2,1899.46,4.2,0,0,3.62
2859,2025-05-22,Newark,Midwest,Sea,Carrier C,1.67,330.9,513.5,2,1,-1,176.57,3.9,1,0,4.68
2860,2025-06-28,Seattle,Southeast,Road,Carrier C,1.95,407.7,1025.9,3,1,-2,1290.01,9.5,1,0,5.0
2861,2025-07-10,Seattle,Southeast,Air,Carrier C,1.3,217.7,823.3,2,2,0,3121.03,10.3,1,0,5.0
2862,2025-01-13,Chicago,West,Air,Carrier C,8.49,1237.4,892.9,1,2,1,3531.42,9.5,0,0,3.95
2863,2025-06-05,Dallas,Midwest,Rail,Carrier A,0.4,44.8,381.8,1,2,1,230.64,5.7,0,0,4.95
2864,2025-01-02,Dallas,Northeast,Road,Carrier B,6.74,1475.9,935.2,2,5,3,1283.1,6.6,0,0,3.08
2865,2025-06-22,Los Angeles,Northeast,Road,Carrier A,1.94,391.0,585.2,2,1,-1,737.27,6.5,1,0,4.46
2866,2025-05-15,Seattle,Midwest,Road,Carrier B,3.14,459.5,331.4,1,1,0,493.31,13.5,1,0,4.8
2867,2025-08-27,Chicago,Southeast,Sea,Carrier A,3.34,286.6,533.0,2,1,-1,232.65,17.7,1,0,5.0
2868,2025-09-20,Newark,Southwest,Air,Carrier D,3.85,386.1,371.5,1,1,0,1462.12,9.1,1,0,4.61
2869,2025-01-02,Chicago,Northeast,Rail,Carrier C,1.94,393.2,905.3,3,3,0,628.2,14.9,1,1,3.44
2870,2025-07-11,Chicago,International,Sea,Carrier A,3.26,529.7,7268.0,22,22,0,1973.7,4.3,1,0,4.55
2871,2025-10-13,Seattle,Southeast,Rail,Carrier B,4.84,467.8,1119.0,3,4,1,815.32,14.6,0,0,4.37
2872,2025-10-09,Los Angeles,Midwest,Air,Carrier D,0.9,127.5,507.5,1,1,0,1907.63,9.3,1,0,5.0
2873,2025-11-27,Atlanta,Southeast,Road,Carrier D,0.32,57.4,1601.5,3,4,1,2320.61,17.1,0,0,4.2
2874,2025-03-01,Chicago,Northeast,Road,Carrier B,12.41,1404.4,490.5,2,2,0,824.65,3.6,1,0,4.96
2875,2025-09-15,Atlanta,Northeast,Road,Carrier B,8.65,889.7,640.0,2,2,0,961.67,9.5,1,0,5.0
2876,2025-02-13,Dallas,Northeast,Sea,Carrier A,6.57,1029.2,547.5,2,2,0,302.11,5.3,1,0,5.0
2877,2025-03-16,Seattle,Midwest,Air,Carrier D,7.11,626.9,592.6,1,1,0,2370.19,10.1,1,0,4.8
2878,2025-05-05,Dallas,Southwest,Sea,Carrier A,3.89,795.4,882.9,4,4,0,370.19,16.1,1,0,5.0
2879,2025-12-25,Chicago,Southeast,Air,Carrier A,1.26,165.7,928.7,1,3,2,3866.63,8.4,0,0,3.99
2880,2025-03-17,Newark,Southwest,Air,Carrier D,2.93,612.1,664.1,1,1,0,2731.49,17.1,1,0,5.0
2881,2025-03-01,Chicago,West,Rail,Carrier D,2.81,346.1,1425.0,3,2,-1,964.66,14.4,1,0,4.38
2882,2025-11-03,Chicago,West,Road,Carrier C,0.99,119.0,1891.0,4,5,1,2440.1,3.7,0,0,5.0
2883,2025-07-27,Dallas,International,Sea,Carrier B,1.56,214.9,6163.6,18,19,1,1771.99,12.5,0,0,4.71
2884,2025-04-22,Seattle,Northeast,Sea,Carrier A,8.59,1745.2,1022.1,4,5,1,491.04,4.1,0,0,5.0
2885,2025-06-05,Chicago,Southeast,Road,Carrier B,3.68,555.1,1101.2,2,2,0,1334.48,3.1,1,0,4.91
2886,2025-02-16,Atlanta,Southwest,Road,Carrier C,1.63,301.5,759.4,2,3,1,904.59,3.4,0,0,4.67
2887,2025-07-12,Atlanta,Northeast,Road,Carrier C,1.52,135.7,1275.3,3,4,1,1605.73,12.1,0,0,3.77
2888,2025-09-21,Atlanta,International,Sea,Carrier B,8.68,1452.9,7146.3,22,19,-3,2200.3,10.6,1,0,5.0
2889,2025-11-24,Los Angeles,West,Air,Carrier A,2.77,334.2,1055.0,2,3,1,4572.69,12.0,0,0,5.0
2890,2025-11-27,Newark,Northeast,Road,Carrier D,1.54,333.6,902.9,2,1,-1,1332.74,15.2,1,0,4.37
2891,2025-12-29,Newark,Southwest,Road,Carrier A,4.89,480.3,824.8,2,4,2,1211.9,7.7,0,0,4.72
2892,2025-01-02,Atlanta,Midwest,Air,Carrier B,1.4,158.2,402.4,2,2,0,1508.93,8.0,1,0,5.0
2893,2025-12-25,Los Angeles,Southwest,Road,Carrier C,0.73,83.9,811.3,2,3,1,1068.23,5.1,0,0,4.79
2894,2025-12-25,Chicago,Northeast,Road,Carrier B,1.32,111.5,1093.3,3,3,0,1567.92,14.0,1,0,4.6
2895,2025-01-19,Atlanta,Northeast,Rail,Carrier D,3.22,680.2,792.8,2,2,0,548.9,5.9,1,0,4.64
2896,2025-07-09,Chicago,Southeast,Road,Carrier B,3.0,411.8,1039.9,2,3,1,1399.43,15.7,0,0,4.16
2897,2025-06-07,Seattle,Northeast,Air,Carrier B,4.94,760.4,717.5,1,1,0,2692.12,5.5,1,0,5.0
2898,2025-08-23,Chicago,Southeast,Road,Carrier C,2.81,303.1,834.9,2,1,-1,1109.43,13.7,1,0,4.77
2899,2025-02-28,Seattle,Southeast,Rail,Carrier B,3.66,338.2,915.9,3,4,1,626.17,8.8,0,0,5.0
2900,2025-03-03,Dallas,West,Road,Carrier C,2.34,215.1,1462.4,3,4,1,1714.0,3.6,0,0,4.39
2901,2025-11-17,Dallas,Southeast,Road,Carrier D,2.29,252.2,753.0,2,2,0,1143.89,16.7,1,0,4.53
2902,2025-04-09,Los Angeles,Northeast,Sea,Carrier A,8.17,655.7,843.7,4,6,2,401.47,9.6,0,0,4.64
2903,2025-04-11,Dallas,Southeast,Road,Carrier C,6.8,658.8,890.5,2,3,1,1181.35,6.0,0,0,4.54
2904,2025-10-28,Newark,Southwest,Sea,Carrier D,3.92,715.3,1281.6,4,5,1,454.84,9.6,0,0,4.17
2905,2025-02-01,Atlanta,Southwest,Air,Carrier A,6.06,968.3,732.8,1,1,0,2738.86,4.1,1,0,5.0
2906,2025-09-17,Seattle,Southwest,Road,Carrier C,2.76,471.7,1586.4,3,3,0,2119.51,17.1,1,0,5.0
2907,2025-12-04,Los Angeles,Southeast,Road,Carrier D,5.78,1233.9,952.3,3,4,1,1474.63,10.1,0,0,5.0
2908,2025-04-20,Atlanta,Midwest,Rail,Carrier C,5.57,922.2,286.9,2,2,0,332.76,15.8,1,0,5.0
2909,2025-06-19,Chicago,Southwest,Road,Carrier A,0.31,53.1,748.7,2,2,0,894.74,7.7,1,0,5.0
2910,2025-11-15,Chicago,International,Sea,Carrier D,2.36,451.9,4395.2,14,13,-1,1512.03,16.7,1,0,5.0
2911,2025-07-14,Newark,Southeast,Road,Carrier A,0.96,202.0,1291.9,3,1,-2,1613.39,11.6,1,0,4.3
2912,2025-10-01,Atlanta,Northeast,Road,Carrier C,8.32,1380.7,850.3,2,2,0,1264.64,12.0,1,0,5.0
2913,2025-08-01,Los Angeles,Midwest,Sea,Carrier C,0.61,98.6,630.2,3,7,4,183.32,6.8,0,0,3.43
2914,2025-02-13,Atlanta,International,Air,Carrier B,0.56,55.9,4753.5,2,2,0,17596.26,8.8,1,0,4.6
2915,2025-08-24,Los Angeles,West,Sea,Carrier B,0.73,72.1,1142.5,4,5,1,353.58,17.8,0,0,4.78
2916,2025-04-26,Newark,Southwest,Road,Carrier B,5.75,621.3,973.9,2,1,-1,1283.66,8.0,1,0,4.44
2917,2025-03-29,Seattle,West,Air,Carrier B,8.37,1760.3,862.4,1,1,0,3350.16,6.5,1,0,4.78
2918,2025-11-09,Atlanta,Southeast,Road,Carrier C,1.63,228.4,1017.2,3,4,1,1390.26,7.5,0,0,4.3
2919,2025-03-10,Chicago,Northeast,Road,Carrier B,3.36,399.6,993.6,2,1,-1,1306.45,12.3,1,0,4.7
2920,2025-11-01,Chicago,Northeast,Rail,Carrier B,2.98,403.2,827.0,3,4,1,636.24,9.3,0,0,4.68
2921,2025-06-07,Dallas,Southeast,Road,Carrier D,3.46,580.4,710.4,2,3,1,950.27,10.2,0,0,4.89
2922,2025-10-22,Dallas,Northeast,Road,Carrier A,1.28,112.0,686.4,2,1,-1,912.52,17.0,1,0,4.91
2923,2025-08-11,Chicago,Northeast,Air,Carrier A,0.61,130.0,755.8,1,1,0,2885.46,11.6,1,0,5.0
2924,2025-09-09,Atlanta,Midwest,Rail,Carrier B,1.47,171.5,326.6,1,2,1,238.67,13.5,0,0,4.56
2925,2025-05-19,Atlanta,West,Sea,Carrier D,0.81,141.7,1221.1,5,6,1,355.71,9.6,0,1,2.98
2926,2025-07-16,Dallas,Midwest,Road,Carrier A,1.17,182.1,528.6,2,2,0,637.91,4.9,1,0,4.89
2927,2025-05-12,Los Angeles,International,Sea,Carrier D,2.15,299.1,6986.8,21,19,-2,2111.39,17.7,1,0,4.6
2928,2025-10-16,Atlanta,Southeast,Road,Carrier D,5.55,1024.8,925.4,2,2,0,1203.05,4.4,1,0,5.0
2929,2025-02-12,Seattle,Northeast,Air,Carrier B,1.13,235.7,685.6,1,1,0,2458.69,4.2,1,0,5.0
2930,2025-05-10,Chicago,Midwest,Road,Carrier B,0.91,118.6,206.1,2,2,0,267.71,8.7,1,0,5.0
2931,2025-10-26,Los Angeles,Southwest,Air,Carrier A,3.65,775.3,1208.8,2,2,0,4850.8,15.4,1,0,5.0
2932,2025-03-25,Los Angeles,Southwest,Road,Carrier A,0.83,141.2,602.7,2,3,1,727.43,6.6,0,0,4.78
2933,2025-07-13,Seattle,Northeast,Road,Carrier B,0.19,37.1,833.8,3,3,0,1050.01,13.9,1,0,4.6
2934,2025-11-27,Los Angeles,West,Road,Carrier B,2.91,631.4,976.2,2,3,1,1325.56,3.0,0,0,4.44
2935,2025-09-29,Chicago,Southeast,Air,Carrier C,0.91,178.6,1084.3,1,1,0,4172.8,12.5,1,0,5.0
2936,2025-03-07,Seattle,Southwest,Air,Carrier C,3.29,359.6,1023.6,1,1,0,3728.57,5.1,1,0,4.94
2937,2025-06-18,Seattle,Southeast,Sea,Carrier A,1.91,221.1,827.8,4,8,4,266.65,8.1,0,0,3.3
2938,2025-01-02,Newark,Northeast,Road,Carrier C,1.98,195.6,517.4,1,1,0,645.05,6.0,1,0,4.7
2939,2025-05-18,Chicago,Southwest,Road,Carrier A,3.0,264.8,745.7,2,1,-1,990.93,12.8,1,0,4.93
2940,2025-08-22,Newark,International,Rail,Carrier A,5.75,900.7,5217.8,12,11,-1,3136.15,4.5,1,0,4.96
2941,2025-04-04,Los Angeles,Southeast,Sea,Carrier D,1.46,284.6,1152.0,5,6,1,351.11,8.3,0,0,5.0
2942,2025-08-26,Dallas,Northeast,Air,Carrier A,5.9,988.8,722.8,1,1,0,2982.08,14.9,1,0,4.45
2943,2025-05-13,Dallas,West,Air,Carrier A,0.6,114.8,1688.0,1,1,0,6478.88,12.6,1,0,5.0
2944,2025-03-27,Atlanta,West,Rail,Carrier C,4.9,981.8,1088.8,3,5,2,753.97,4.5,0,0,4.0
2945,2025-03-05,Los Angeles,Northeast,Air,Carrier A,5.06,641.0,715.9,2,2,0,2842.13,11.8,1,0,5.0
2946,2025-09-03,Dallas,International,Rail,Carrier B,0.53,74.5,6186.8,13,13,0,3749.01,9.8,1,0,5.0
2947,2025-07-02,Atlanta,Southeast,Road,Carrier B,2.06,283.3,1369.4,3,2,-1,1740.7,12.2,1,0,5.0
2948,2025-07-28,Dallas,Southwest,Road,Carrier A,0.95,181.0,981.1,2,3,1,1203.95,9.2,0,0,4.78
2949,2025-09-07,Dallas,International,Rail,Carrier B,4.91,979.8,4942.1,11,12,1,3122.04,9.9,0,0,4.79
2950,2025-06-29,Seattle,Northeast,Air,Carrier B,1.82,183.5,598.4,1,2,1,2352.77,13.6,0,0,4.34
2951,2025-04-12,Newark,Northeast,Road,Carrier A,6.9,991.4,706.0,2,1,-1,1063.52,14.4,1,0,5.0
2952,2025-03-13,Atlanta,Northeast,Sea,Carrier C,1.9,201.4,670.3,3,2,-1,234.63,13.8,1,0,5.0
2953,2025-06-21,Los Angeles,Southeast,Air,Carrier B,12.88,1221.3,808.3,1,1,0,3329.86,10.9,1,0,5.0
2954,2025-12-24,Los Angeles,Northeast,Air,Carrier C,2.46,305.7,706.4,1,2,1,3091.9,12.5,0,0,4.45
2955,2025-11-03,Chicago,West,Road,Carrier A,1.86,156.3,1813.9,3,4,1,2549.85,12.1,0,0,4.28
2956,2025-09-18,Dallas,International,Rail,Carrier D,4.79,869.8,8312.7,17,16,-1,5029.51,7.3,1,0,5.0
2957,2025-05-21,Atlanta,Southeast,Road,Carrier A,4.93,659.2,731.4,2,2,0,1016.18,11.5,1,0,5.0
2958,2025-05-01,Chicago,Southeast,Sea,Carrier C,2.03,232.3,1079.0,4,8,4,341.41,9.5,0,0,2.81
2959,2025-06-17,Seattle,West,Air,Carrier A,2.21,338.4,1535.8,2,2,0,6199.6,17.6,1,0,5.0
2960,2025-07-04,Dallas,Northeast,Air,Carrier A,5.72,554.3,768.2,2,2,0,3161.28,16.0,1,0,4.99
2961,2025-06-08,Atlanta,West,Road,Carrier B,2.77,573.0,1544.4,3,1,-2,2036.04,15.1,1,0,5.0
2962,2025-05-30,Seattle,Northeast,Air,Carrier D,1.28,157.5,587.7,1,1,0,2377.64,17.4,1,0,4.95
2963,2025-02-02,Dallas,Northeast,Air,Carrier C,1.62,338.8,547.2,1,1,0,2116.71,11.3,1,0,5.0
2964,2025-12-01,Chicago,Southeast,Road,Carrier B,3.81,768.7,974.5,2,3,1,1493.32,14.2,0,1,2.43
2965,2025-08-02,Chicago,West,Road,Carrier B,5.22,878.0,1021.1,3,3,0,1327.7,6.6,1,0,5.0
2966,2025-11-12,Dallas,West,Road,Carrier A,7.03,982.1,891.2,3,5,2,1484.74,16.8,0,0,4.3
2967,2025-10-15,Los Angeles,Southeast,Sea,Carrier B,5.7,918.0,688.1,3,8,5,350.2,15.4,0,1,1.92
2968,2025-08-03,Atlanta,Midwest,Sea,Carrier C,2.41,282.3,467.4,2,1,-1,173.52,3.8,1,0,5.0
2969,2025-01-14,Atlanta,Midwest,Road,Carrier C,2.99,508.4,654.6,2,3,1,895.42,13.3,0,0,3.82
2970,2025-01-12,Dallas,Southeast,Road,Carrier A,1.32,274.3,414.3,1,2,1,553.3,13.1,0,0,4.4
2971,2025-09-27,Newark,Southeast,Road,Carrier D,2.23,379.8,675.1,2,2,0,829.24,4.3,1,0,4.65
2972,2025-10-15,Seattle,Southeast,Road,Carrier A,1.44,254.7,444.0,2,1,-1,578.14,10.6,1,0,5.0
2973,2025-08-05,Chicago,West,Air,Carrier A,2.58,453.4,1484.1,1,1,0,5985.59,17.2,1,0,4.19
2974,2025-10-13,Seattle,Southeast,Road,Carrier D,1.02,154.6,911.6,2,1,-1,1159.1,13.0,1,0,4.94
2975,2025-09-25,Seattle,Northeast,Road,Carrier C,8.49,1047.9,764.1,2,2,0,1061.13,4.0,1,0,4.83
2976,2025-12-21,Chicago,Northeast,Rail,Carrier C,2.6,528.5,1234.1,3,3,0,954.28,14.5,1,0,4.66
2977,2025-09-30,Atlanta,West,Road,Carrier A,3.56,667.2,1814.1,4,3,-1,2436.21,17.0,1,0,4.8
2978,2025-01-09,Seattle,Southeast,Road,Carrier A,0.26,26.2,805.5,2,2,0,961.68,7.9,1,0,4.9
2979,2025-11-14,Los Angeles,Midwest,Road,Carrier B,5.73,914.7,689.6,2,3,1,1170.47,17.4,0,0,4.56
2980,2025-02-24,Seattle,Southwest,Rail,Carrier C,3.72,707.5,869.1,3,2,-1,589.09,3.5,1,0,5.0
2981,2025-12-26,Dallas,International,Sea,Carrier B,9.91,1673.8,5916.6,18,19,1,2031.89,6.0,0,0,4.59
2982,2025-03-28,Atlanta,Northeast,Road,Carrier D,1.04,137.0,757.0,2,3,1,968.87,13.3,0,0,4.41
2983,2025-07-13,Chicago,West,Rail,Carrier C,4.31,469.3,1107.1,3,1,-2,780.04,11.9,1,0,5.0
2984,2025-03-25,Dallas,Midwest,Road,Carrier B,3.12,341.4,418.1,2,2,0,609.67,16.4,1,0,4.22
2985,2025-02-15,Los Angeles,Midwest,Rail,Carrier A,1.11,228.9,548.4,2,2,0,378.44,14.8,1,0,5.0
2986,2025-08-06,Dallas,West,Air,Carrier B,1.94,193.6,1175.5,1,1,0,4358.26,8.0,1,0,4.7
2987,2025-07-11,Newark,Midwest,Road,Carrier B,2.39,481.7,656.8,2,1,-1,840.31,7.4,1,0,5.0
2988,2025-06-14,Newark,Midwest,Rail,Carrier C,0.79,99.6,469.6,2,1,-1,307.82,11.9,1,0,5.0
2989,2025-10-27,Atlanta,West,Road,Carrier A,3.6,423.7,1802.7,4,3,-1,2245.41,9.1,1,0,5.0
2990,2025-08-19,Atlanta,Midwest,Road,Carrier C,1.7,156.9,499.6,1,2,1,605.07,3.8,0,1,2.15
2991,2025-07-24,Los Angeles,Midwest,Road,Carrier C,1.89,243.0,554.1,2,2,0,682.49,5.0,1,0,5.0
2992,2025-06-05,Dallas,Northeast,Road,Carrier A,8.1,1618.4,924.9,2,2,0,1321.04,8.3,1,0,5.0
2993,2025-12-21,Atlanta,Midwest,Rail,Carrier A,8.17,1319.1,452.2,2,3,1,564.99,15.4,0,0,5.0
2994,2025-05-22,Newark,Southeast,Road,Carrier B,3.09,429.9,995.5,2,3,1,1240.86,6.7,0,1,3.22
2995,2025-03-23,Chicago,Northeast,Road,Carrier B,1.67,204.4,512.4,1,1,0,679.2,13.4,1,0,4.88
2996,2025-05-07,Atlanta,Southeast,Air,Carrier C,1.83,335.5,712.3,2,1,-1,2668.07,8.2,1,0,4.1
2997,2025-03-04,Seattle,Midwest,Road,Carrier A,4.7,970.8,580.7,1,1,0,807.03,6.5,1,0,5.0
2998,2025-03-04,Los Angeles,West,Rail,Carrier B,0.62,61.5,1703.9,5,4,-1,1041.69,9.7,1,0,5.0
2999,2025-04-13,Dallas,Northeast,Sea,Carrier A,1.86,202.6,744.2,3,1,-2,233.69,4.3,1,0,5.0
3000,2025-03-14,Dallas,Southwest,Road,Carrier D,3.02,501.6,618.8,2,3,1,796.96,6.1,0,0,4.86
3001,2025-03-21,Dallas,Southeast,Road,Carrier A,0.72,57.5,645.4,2,2,0,764.09,5.6,1,0,5.0
3002,2025-06-03,Atlanta,Southeast,Sea,Carrier A,3.67,311.6,948.7,3,2,-1,342.66,11.3,1,0,4.97
3003,2025-04-12,Seattle,Northeast,Rail,Carrier A,2.72,349.5,632.1,2,5,3,433.13,6.7,0,0,3.28
3004,2025-12-18,Dallas,Southwest,Air,Carrier D,3.49,661.0,667.2,2,3,1,2910.27,10.4,0,0,4.27
3005,2025-10-02,Los Angeles,West,Air,Carrier B,4.52,675.8,878.9,1,1,0,3343.24,8.2,1,0,4.82
3006,2025-07-14,Los Angeles,West,Road,Carrier D,2.77,227.3,925.4,2,3,1,1123.31,4.9,0,0,3.82
3007,2025-10-13,Seattle,Midwest,Road,Carrier A,12.02,1310.0,447.4,2,2,0,870.81,18.0,1,0,4.99
3008,2025-02-21,Newark,Southeast,Sea,Carrier A,6.8,710.4,983.4,4,3,-1,428.6,11.8,1,0,4.67
3009,2025-03-23,Atlanta,Midwest,Road,Carrier C,4.45,920.7,445.6,1,1,0,630.07,4.5,1,0,5.0
3010,2025-07-27,Atlanta,Midwest,Sea,Carrier A,8.07,1579.6,769.7,3,4,1,456.38,16.3,0,0,4.69
3011,2025-03-31,Newark,West,Road,Carrier C,1.58,159.7,1845.2,4,4,0,2147.98,4.2,1,0,5.0
3012,2025-06-10,Newark,Southeast,Road,Carrier C,1.57,324.1,1085.4,3,2,-1,1286.66,4.3,1,0,5.0
3013,2025-06-26,Chicago,International,Sea,Carrier D,7.64,865.2,5309.9,16,15,-1,1651.72,11.2,1,0,5.0
3014,2025-10-26,Chicago,Southwest,Road,Carrier A,5.83,1248.8,719.9,2,3,1,1084.12,15.1,0,0,4.4
3015,2025-06-16,Dallas,Midwest,Rail,Carrier C,1.81,366.3,627.2,2,3,1,434.93,11.4,0,0,4.46
3016,2025-01-26,Newark,International,Sea,Carrier D,3.17,607.9,5484.5,17,19,2,1680.98,16.0,0,0,4.35
3017,2025-07-11,Newark,Midwest,Sea,Carrier B,5.84,533.1,238.8,2,1,-1,184.35,6.0,1,0,5.0
3018,2025-03-24,Newark,Midwest,Road,Carrier B,2.82,275.7,605.9,2,2,0,808.66,11.9,1,0,5.0
3019,2025-01-18,Chicago,West,Road,Carrier D,0.64,100.5,1290.6,3,1,-2,1576.31,9.9,1,0,4.37
3020,2025-03-10,Atlanta,Midwest,Rail,Carrier A,3.25,474.6,444.6,1,1,0,373.67,17.9,1,0,5.0
3021,2025-01-22,Dallas,Southwest,Road,Carrier A,4.97,888.5,1349.1,3,3,0,1869.04,16.6,1,0,5.0
3022,2025-07-10,Newark,Southwest,Rail,Carrier D,4.15,489.4,978.9,3,2,-1,672.56,7.6,1,0,4.97
3023,2025-03-31,Seattle,Midwest,Rail,Carrier B,1.53,323.2,493.6,2,5,3,344.77,11.0,0,0,4.1
3024,2025-04-21,Atlanta,Midwest,Road,Carrier B,1.86,250.1,444.1,2,1,-1,570.68,7.9,1,0,5.0
3025,2025-12-19,Seattle,Southwest,Road,Carrier B,4.06,706.5,1238.1,3,2,-1,1718.09,5.2,1,0,4.25
3026,2025-03-06,Los Angeles,Southwest,Road,Carrier D,1.57,276.4,1474.0,3,3,0,1919.25,15.7,1,0,4.35
3027,2025-10-15,Newark,Southeast,Rail,Carrier D,1.81,373.3,1040.6,3,4,1,693.59,12.2,0,0,5.0
3028,2025-12-03,Atlanta,West,Sea,Carrier A,2.79,533.1,779.4,3,7,4,303.71,3.0,0,0,3.27
3029,2025-07-06,Los Angeles,Southeast,Sea,Carrier D,10.11,1629.8,736.6,4,1,-3,444.37,6.5,1,0,5.0
3030,2025-02-02,Los Angeles,Northeast,Road,Carrier B,3.44,590.7,662.2,2,2,0,935.03,15.5,1,0,4.61
3031,2025-10-21,Seattle,Midwest,Road,Carrier B,1.89,356.9,400.5,1,1,0,562.68,15.6,1,0,5.0
3032,2025-10-05,Los Angeles,International,Rail,Carrier B,2.66,505.9,5717.5,12,14,2,3562.87,11.0,0,0,4.01
3033,2025-11-14,Dallas,Northeast,Air,Carrier C,6.21,840.0,969.6,1,3,2,4266.39,11.0,0,0,4.35
3034,2025-10-21,Seattle,West,Road,Carrier D,1.79,152.3,1327.1,3,1,-2,1682.52,12.6,1,0,4.85
3035,2025-01-19,Los Angeles,Southwest,Road,Carrier B,6.52,954.1,213.5,1,1,0,394.36,3.7,1,0,5.0
3036,2025-07-08,Dallas,International,Sea,Carrier D,12.04,1138.1,10153.7,30,28,-2,3167.41,14.1,1,0,3.95
3037,2025-02-28,Newark,International,Rail,Carrier A,5.34,947.9,3883.1,9,8,-1,2548.44,12.6,1,0,4.41
3038,2025-11-30,Dallas,West,Road,Carrier D,2.86,363.9,1070.0,2,3,1,1612.66,16.3,0,0,4.88
3039,2025-03-15,Newark,Southeast,Air,Carrier B,2.65,523.3,1042.6,1,2,1,3845.39,6.5,0,0,4.25
3040,2025-10-15,Newark,Northeast,Road,Carrier A,2.95,548.3,365.5,1,1,0,551.5,16.4,1,0,5.0
3041,2025-09-04,Chicago,Southeast,Air,Carrier A,10.03,2004.9,796.4,1,1,0,3458.64,16.9,1,0,4.79
3042,2025-06-03,Seattle,Northeast,Road,Carrier B,1.21,100.3,491.9,2,3,1,598.02,6.0,0,0,4.18
3043,2025-09-24,Newark,International,Sea,Carrier A,1.38,258.2,6300.1,19,25,6,1687.52,4.9,0,0,2.66
3044,2025-05-14,Newark,West,Road,Carrier A,4.69,827.3,1425.6,3,2,-1,1931.88,15.0,1,0,4.89
3045,2025-07-24,Los Angeles,Midwest,Sea,Carrier A,3.32,469.5,434.9,3,3,0,191.89,5.4,1,1,3.31
3046,2025-09-01,Seattle,Southeast,Road,Carrier A,2.95,583.3,1087.5,3,4,1,1451.2,14.3,0,0,4.28
3047,2025-01-19,Chicago,West,Road,Carrier A,3.69,344.7,1776.0,3,4,1,2378.76,17.4,0,1,2.92
3048,2025-08-04,Newark,West,Road,Carrier A,1.25,158.6,1066.6,3,3,0,1390.73,15.9,1,0,5.0
3049,2025-12-08,Dallas,Midwest,Rail,Carrier D,0.54,95.7,494.9,2,4,2,347.99,9.0,0,1,2.28
3050,2025-06-16,Los Angeles,Northeast,Road,Carrier C,1.0,87.8,551.0,2,2,0,725.44,16.0,1,0,4.91
3051,2025-03-11,Chicago,Northeast,Road,Carrier B,3.67,401.5,858.5,2,2,0,1106.2,8.5,1,0,5.0
3052,2025-11-21,Atlanta,Midwest,Road,Carrier A,1.63,256.7,541.6,1,2,1,740.16,4.4,0,0,5.0
3053,2025-03-20,Dallas,Midwest,Road,Carrier A,8.95,1967.2,592.4,2,1,-1,957.53,8.3,1,0,5.0
3054,2025-11-23,Chicago,Northeast,Road,Carrier C,4.61,531.7,831.0,2,3,1,1210.29,7.0,0,0,4.6
3055,2025-08-07,Chicago,Southwest,Sea,Carrier B,1.81,205.5,1203.1,4,2,-2,383.51,13.4,1,0,4.38
3056,2025-11-01,Atlanta,Southeast,Road,Carrier B,2.2,333.1,893.7,3,1,-2,1244.49,7.6,1,0,4.8
3057,2025-01-24,Chicago,International,Sea,Carrier D,9.1,1704.8,6768.3,21,21,0,2227.64,16.4,1,0,5.0
3058,2025-08-02,Dallas,Northeast,Rail,Carrier B,0.66,135.5,705.4,2,3,1,469.81,16.1,0,0,3.8
3059,2025-11-24,Chicago,West,Air,Carrier A,4.12,906.1,1809.5,1,2,1,8075.97,15.2,0,0,4.68
3060,2025-01-09,Los Angeles,Midwest,Rail,Carrier B,3.14,488.6,360.3,2,1,-1,284.06,5.3,1,0,4.94
3061,2025-11-17,Los Angeles,Southeast,Road,Carrier A,1.23,113.0,778.3,2,5,3,1107.18,12.3,0,0,3.64
3062,2025-08-04,Newark,Midwest,Sea,Carrier D,7.16,751.7,532.1,3,1,-2,289.45,4.1,1,0,4.95
3063,2025-05-12,Dallas,International,Sea,Carrier A,3.23,652.9,8977.9,26,27,1,2695.32,15.9,0,0,4.42
3064,2025-07-08,Dallas,Midwest,Road,Carrier A,7.78,1709.7,676.0,2,2,0,1054.48,11.5,1,0,4.86
3065,2025-09-23,Dallas,Southeast,Air,Carrier A,1.4,189.9,1077.9,1,1,0,4027.92,9.0,1,0,5.0
3066,2025-01-29,Seattle,Midwest,Sea,Carrier B,4.19,892.1,445.8,2,1,-1,230.54,5.3,1,0,5.0
3067,2025-11-28,Dallas,Southwest,Air,Carrier A,6.02,660.9,974.1,1,2,1,4247.63,10.4,0,0,4.43
3068,2025-08-08,Dallas,Southwest,Sea,Carrier A,1.1,184.7,967.1,4,3,-1,293.39,9.7,1,0,5.0
3069,2025-01-24,Dallas,Southeast,Air,Carrier C,9.77,1905.1,845.7,2,2,0,3379.04,8.4,1,0,5.0
3070,2025-02-09,Dallas,Midwest,Rail,Carrier A,3.01,388.0,400.5,2,4,2,325.2,14.2,0,0,3.53
3071,2025-02-27,Atlanta,Southeast,Road,Carrier A,8.41,1490.4,1046.6,2,2,0,1527.62,13.0,1,0,4.58
3072,2025-09-23,Dallas,Southwest,Road,Carrier C,5.51,1157.3,1183.7,3,3,0,1506.12,4.4,1,0,4.27
3073,2025-09-25,Dallas,Midwest,Road,Carrier D,2.79,613.3,240.3,2,2,0,359.16,6.6,1,0,5.0
3074,2025-06-02,Chicago,Northeast,Road,Carrier A,1.44,128.1,591.2,2,2,0,773.33,14.0,1,0,4.85
3075,2025-12-03,Atlanta,Southwest,Rail,Carrier A,2.14,325.4,706.9,2,5,3,543.43,11.0,0,0,3.99
3076,2025-11-01,Seattle,Midwest,Road,Carrier D,4.85,578.1,480.5,2,4,2,739.8,4.8,0,0,4.34
3077,2025-06-17,Los Angeles,West,Road,Carrier A,0.81,110.1,430.8,2,1,-1,563.91,14.7,1,0,4.6
3078,2025-10-05,Atlanta,West,Sea,Carrier C,6.2,1089.7,1844.8,7,4,-3,700.06,15.0,1,0,4.92
3079,2025-06-14,Los Angeles,Southeast,Road,Carrier A,3.64,611.0,1131.0,3,4,1,1439.66,8.3,0,0,4.09
3080,2025-03-18,Dallas,Southwest,Road,Carrier A,8.55,1116.2,867.8,2,3,1,1192.17,4.7,0,0,5.0
3081,2025-10-17,Newark,Southwest,Road,Carrier B,2.37,472.6,1099.3,3,4,1,1399.11,10.3,0,0,4.5
3082,2025-01-03,Newark,International,Rail,Carrier A,1.68,160.1,4797.9,11,10,-1,3091.51,15.7,1,0,5.0
3083,2025-09-27,Los Angeles,Southwest,Road,Carrier D,2.56,512.3,504.8,2,1,-1,701.63,13.3,1,0,4.39
3084,2025-08-31,Seattle,Southwest,Air,Carrier C,2.85,275.0,825.2,1,2,1,3245.62,13.4,0,0,4.91
3085,2025-11-28,Atlanta,West,Air,Carrier B,2.68,538.4,945.1,2,4,2,4221.49,14.9,0,0,4.27
3086,2025-01-03,Los Angeles,Northeast,Air,Carrier B,3.82,499.8,650.4,1,1,0,2598.73,13.3,1,0,5.0
3087,2025-08-12,Atlanta,International,Rail,Carrier B,4.09,376.6,5637.0,12,15,3,3307.81,4.0,0,0,3.85
3088,2025-01-01,Chicago,Midwest,Road,Carrier C,1.99,402.3,573.6,2,2,0,707.49,3.9,1,0,5.0
3089,2025-09-27,Seattle,West,Road,Carrier B,4.83,870.9,1817.9,3,1,-2,2424.45,14.6,1,0,5.0
3090,2025-07-28,Chicago,Southwest,Road,Carrier C,6.65,1330.2,839.5,2,1,-1,1183.37,8.6,1,0,4.68
3091,2025-01-07,Los Angeles,Northeast,Road,Carrier C,2.56,360.5,902.7,2,3,1,1153.15,9.9,0,0,4.56
3092,2025-10-02,Los Angeles,Southwest,Rail,Carrier D,1.54,317.9,499.8,2,1,-1,340.63,8.5,1,0,4.99
3093,2025-06-30,Atlanta,Southeast,Road,Carrier A,1.47,263.7,1069.7,2,2,0,1277.42,5.4,1,0,5.0
3094,2025-06-23,Los Angeles,Northeast,Sea,Carrier A,2.82,360.4,827.8,4,2,-2,303.29,13.5,1,0,5.0
3095,2025-12-23,Los Angeles,International,Sea,Carrier C,2.33,404.7,3411.7,11,12,1,1097.47,7.9,0,0,5.0
3096,2025-08-06,Chicago,Midwest,Road,Carrier A,1.34,108.9,665.3,2,2,0,788.47,4.1,1,0,5.0
3097,2025-04-11,Seattle,Southeast,Road,Carrier A,1.71,251.3,778.8,2,1,-1,1030.92,15.2,1,0,5.0
3098,2025-11-07,Seattle,Northeast,Road,Carrier A,0.83,94.4,1052.7,3,4,1,1488.5,13.1,0,0,4.41
3099,2025-06-11,Seattle,International,Rail,Carrier A,4.91,1054.9,2077.8,5,3,-2,1361.74,7.3,1,0,4.46
3100,2025-10-25,Dallas,West,Sea,Carrier C,1.29,245.6,1855.8,6,9,3,566.96,14.4,0,0,4.05
3101,2025-03-27,Newark,Southeast,Road,Carrier A,1.91,395.4,692.5,2,2,0,895.97,10.6,1,0,4.77
3102,2025-08-09,Los Angeles,Southwest,Road,Carrier D,1.26,206.0,992.6,2,3,1,1251.02,11.6,0,0,5.0
3103,2025-06-18,Newark,Midwest,Road,Carrier A,5.46,996.0,360.2,2,2,0,590.27,11.8,1,0,4.8
3104,2025-01-07,Chicago,Northeast,Sea,Carrier D,2.48,353.7,703.4,3,4,1,239.91,4.0,0,0,4.61
3105,2025-02-14,Newark,West,Road,Carrier C,2.52,362.1,1470.9,3,4,1,1797.71,7.4,0,0,4.92
3106,2025-06-17,Los Angeles,West,Road,Carrier C,2.33,205.8,1260.7,3,3,0,1479.38,3.3,1,0,4.94
3107,2025-02-18,Chicago,International,Rail,Carrier D,5.36,976.3,7320.1,16,17,1,4712.01,13.4,0,0,4.63
3108,2025-05-17,Dallas,West,Air,Carrier C,8.05,1436.8,1445.5,1,1,0,5689.28,11.4,1,0,5.0
3109,2025-12-01,Seattle,Southeast,Air,Carrier B,1.76,378.9,489.8,2,3,1,2067.13,7.9,0,0,4.4
3110,2025-01-09,Chicago,Northeast,Rail,Carrier B,1.27,205.5,917.7,3,1,-2,623.3,16.7,1,0,4.31
3111,2025-12-20,Chicago,Southwest,Air,Carrier A,0.62,132.5,796.3,1,2,1,3474.33,13.9,0,0,4.15
3112,2025-07-08,Newark,West,Road,Carrier B,5.0,776.5,1192.5,3,4,1,1558.07,9.3,0,0,5.0
3113,2025-11-13,Seattle,Southeast,Air,Carrier C,3.87,384.9,654.6,1,3,2,2679.96,3.9,0,0,3.86
3114,2025-05-13,Seattle,Southwest,Air,Carrier A,1.16,221.4,748.4,2,1,-1,2760.79,7.3,1,0,5.0
3115,2025-04-30,Dallas,Southwest,Road,Carrier D,0.88,103.4,1211.3,2,2,0,1514.3,12.1,1,0,5.0
3116,2025-11-11,Seattle,Southwest,Road,Carrier C,2.52,337.9,1050.5,2,3,1,1443.63,6.5,0,0,4.19
3117,2025-02-10,Dallas,Northeast,Air,Carrier D,11.9,1105.4,616.8,1,2,1,2708.44,16.2,0,0,4.73
3118,2025-08-10,Newark,West,Air,Carrier B,3.05,468.6,1348.8,1,1,0,5427.97,16.6,1,0,5.0
3119,2025-03-10,Dallas,Midwest,Road,Carrier D,0.6,92.7,779.9,2,5,3,904.69,3.8,0,0,3.61
3120,2025-03-30,Chicago,International,Rail,Carrier A,6.3,1265.2,5204.8,12,12,0,3249.92,7.6,1,0,5.0
3121,2025-09-12,Newark,Southeast,Road,Carrier C,1.5,258.0,748.2,2,1,-1,941.73,9.7,1,0,5.0
3122,2025-07-06,Newark,Midwest,Sea,Carrier C,5.61,1039.3,592.8,3,1,-2,312.39,9.9,1,0,4.89
3123,2025-10-10,Atlanta,Northeast,Air,Carrier B,6.58,1047.1,998.7,2,3,1,3890.54,9.7,0,0,3.99
3124,2025-04-20,Newark,Midwest,Road,Carrier A,5.0,880.7,519.4,2,1,-1,802.17,16.2,1,0,5.0
3125,2025-03-27,Atlanta,Northeast,Road,Carrier B,2.04,338.3,888.8,2,3,1,1155.48,12.7,0,0,5.0
3126,2025-07-01,Chicago,Southwest,Rail,Carrier A,2.54,482.3,696.9,3,2,-1,511.84,14.9,1,0,4.83
3127,2025-06-24,Newark,Midwest,Road,Carrier C,1.08,191.3,474.5,2,2,0,564.78,3.1,1,0,5.0
3128,2025-05-09,Los Angeles,Southeast,Air,Carrier D,1.26,246.5,672.2,1,1,0,2671.3,15.3,1,0,4.94
3129,2025-12-17,Atlanta,Southeast,Air,Carrier B,3.03,267.2,749.2,1,2,1,3053.24,4.6,0,0,4.79
3130,2025-12-02,Newark,Southeast,Air,Carrier C,2.6,411.1,467.0,1,2,1,2034.93,10.3,0,0,4.99
3131,2025-09-30,Newark,Southeast,Road,Carrier B,1.55,224.7,826.9,2,2,0,1103.74,16.9,1,0,4.56
3132,2025-09-21,Los Angeles,Northeast,Road,Carrier B,7.49,1114.1,1044.4,2,2,0,1382.72,5.0,1,0,5.0
3133,2025-03-29,Atlanta,Southwest,Sea,Carrier D,12.75,2588.5,1426.1,5,3,-2,777.35,14.8,1,0,4.93
3134,2025-08-18,Atlanta,West,Road,Carrier A,1.9,211.2,1317.4,3,4,1,1575.94,5.9,0,0,4.86
3135,2025-07-22,Dallas,Southeast,Road,Carrier C,1.5,286.5,728.2,2,2,0,894.91,6.8,1,0,5.0
3136,2025-10-22,Newark,Midwest,Road,Carrier C,5.38,820.5,425.8,1,1,0,627.93,6.4,1,0,4.98
3137,2025-05-22,Chicago,West,Road,Carrier C,3.56,603.9,1307.1,3,4,1,1598.96,5.1,0,0,4.56
3138,2025-02-18,Chicago,Midwest,Air,Carrier D,1.91,157.0,478.9,1,1,0,1736.26,4.3,1,0,5.0
3139,2025-09-02,Atlanta,Northeast,Air,Carrier B,3.1,313.1,602.2,1,1,0,2482.9,17.7,1,0,5.0
3140,2025-11-09,Dallas,International,Sea,Carrier A,3.27,645.3,6803.4,21,31,10,2185.59,9.5,0,0,1.8
3141,2025-10-20,Newark,Northeast,Sea,Carrier B,4.55,495.0,646.5,3,3,0,276.32,8.5,1,0,4.58
3142,2025-09-30,Newark,Northeast,Air,Carrier A,2.28,254.5,1107.2,1,1,0,4165.96,9.3,1,0,5.0
3143,2025-06-30,Chicago,International,Rail,Carrier A,4.72,685.1,6170.9,14,14,0,3803.47,8.7,1,0,4.81
3144,2025-03-20,Chicago,Northeast,Sea,Carrier A,8.65,1865.5,978.3,3,10,7,482.98,3.3,0,0,2.38
3145,2025-03-27,Newark,Midwest,Rail,Carrier B,4.64,858.2,586.7,2,5,3,460.48,5.8,0,0,4.45
3146,2025-10-30,Los Angeles,Midwest,Road,Carrier C,10.36,1125.6,640.3,2,3,1,1002.06,9.4,0,0,4.55
3147,2025-10-11,Dallas,Midwest,Road,Carrier D,1.14,200.8,609.2,2,3,1,732.78,5.1,0,0,4.33
3148,2025-10-23,Los Angeles,Southeast,Sea,Carrier C,4.78,729.1,948.8,4,7,3,391.59,13.4,0,0,4.13
3149,2025-09-09,Los Angeles,Southeast,Air,Carrier D,2.29,492.5,645.0,1,1,0,2434.4,8.1,1,0,5.0
3150,2025-04-07,Atlanta,Southwest,Road,Carrier A,6.27,556.8,905.4,3,3,0,1309.01,17.1,1,0,4.66
3151,2025-04-02,Los Angeles,Midwest,Sea,Carrier A,5.5,702.7,577.1,2,3,1,275.81,5.3,0,0,5.0
3152,2025-07-15,Atlanta,Northeast,Sea,Carrier C,1.29,252.8,928.3,3,3,0,275.76,4.4,1,0,4.79
3153,2025-06-09,Atlanta,Midwest,Road,Carrier D,0.79,98.4,492.9,2,2,0,641.05,14.7,1,0,5.0
3154,2025-12-08,Los Angeles,Midwest,Sea,Carrier B,0.84,144.8,746.8,3,8,5,252.68,9.2,0,0,3.24
3155,2025-04-16,Los Angeles,Midwest,Sea,Carrier B,4.22,891.7,526.5,3,6,3,274.95,14.8,0,0,4.54
3156,2025-08-02,Chicago,Southwest,Air,Carrier A,3.89,355.8,882.5,1,2,1,3408.97,10.8,0,0,4.28
3157,2025-04-29,Dallas,International,Sea,Carrier A,9.49,1668.3,6900.2,20,20,0,2065.88,5.9,1,0,4.83
3158,2025-11-14,Los Angeles,Southeast,Road,Carrier D,1.39,139.6,1090.2,2,3,1,1602.43,16.6,0,0,4.54
3159,2025-06-10,Seattle,Southeast,Air,Carrier C,1.43,215.5,378.6,1,1,0,1409.2,6.8,1,0,5.0
3160,2025-02-24,Chicago,Northeast,Road,Carrier A,4.86,527.6,1243.4,2,5,3,1578.54,7.6,0,0,3.66
3161,2025-07-26,Newark,Northeast,Rail,Carrier A,2.03,283.9,801.6,2,3,1,528.71,8.9,0,0,5.0
3162,2025-10-05,Chicago,West,Air,Carrier A,2.48,311.0,1676.8,2,2,0,6501.72,13.0,1,0,4.43
3163,2025-03-08,Dallas,Midwest,Rail,Carrier A,1.78,199.8,417.0,2,3,1,275.1,3.4,0,0,4.23
3164,2025-04-04,Dallas,Northeast,Road,Carrier A,1.79,306.1,1039.0,2,1,-1,1310.64,10.6,1,0,4.79
3165,2025-06-29,Seattle,West,Rail,Carrier D,4.15,641.8,1317.6,4,4,0,934.55,14.1,1,0,5.0
3166,2025-11-25,Newark,Southeast,Air,Carrier A,6.29,842.1,1022.9,2,3,1,4724.08,16.7,0,0,4.51
3167,2025-08-04,Dallas,Southwest,Road,Carrier B,4.72,605.4,497.2,2,2,0,695.95,7.4,1,0,4.51
3168,2025-04-21,Atlanta,Southwest,Sea,Carrier C,3.08,482.7,1218.6,4,4,0,426.31,13.7,1,0,5.0
3169,2025-05-12,Dallas,Southeast,Road,Carrier C,8.78,944.3,718.7,2,1,-1,1059.65,9.3,1,0,4.84
3170,2025-07-08,Chicago,Northeast,Sea,Carrier C,7.83,1070.0,595.3,3,2,-1,345.39,8.0,1,0,5.0
3171,2025-06-18,Chicago,Northeast,Road,Carrier B,3.6,599.4,650.0,2,2,0,881.35,10.3,1,0,5.0
3172,2025-02-16,Newark,Northeast,Air,Carrier A,1.72,172.4,655.2,2,2,0,2438.39,7.8,1,0,4.66
3173,2025-09-04,Seattle,West,Road,Carrier A,3.71,785.2,1564.3,3,2,-1,2022.56,11.4,1,0,5.0
3174,2025-11-23,Los Angeles,Midwest,Air,Carrier D,1.73,156.1,382.4,1,1,0,1696.93,13.6,1,0,4.55
3175,2025-06-24,Atlanta,Southwest,Air,Carrier A,2.17,350.6,701.5,1,2,1,2717.68,11.6,0,0,3.91
3176,2025-11-13,Los Angeles,West,Road,Carrier B,10.51,884.7,2018.4,4,5,1,2954.3,8.9,0,0,4.08
3177,2025-05-23,Seattle,Southwest,Air,Carrier B,5.23,841.9,1008.6,1,1,0,4014.82,13.1,1,0,5.0
3178,2025-06-19,Newark,International,Air,Carrier A,2.51,316.4,4647.2,2,2,0,16805.2,6.0,1,0,5.0
3179,2025-12-21,Seattle,West,Air,Carrier A,3.27,529.1,1752.2,2,3,1,7743.23,14.6,0,0,4.21
3180,2025-08-05,Seattle,Southeast,Road,Carrier A,0.55,58.7,1037.9,3,3,0,1253.19,8.7,1,0,4.29
3181,2025-01-07,Newark,International,Sea,Carrier B,6.91,791.1,5379.0,17,22,5,1632.34,9.7,0,0,3.29
3182,2025-05-19,Seattle,Midwest,Air,Carrier D,0.32,51.7,515.2,1,2,1,2022.86,15.0,0,0,4.57
3183,2025-07-01,Atlanta,West,Rail,Carrier B,4.19,644.5,911.0,3,3,0,675.46,13.3,1,0,4.62
3184,2025-02-23,Seattle,Northeast,Air,Carrier A,2.8,360.0,1044.7,2,2,0,4164.83,15.3,1,0,5.0
3185,2025-05-11,Chicago,International,Sea,Carrier A,4.71,650.0,9754.1,28,23,-5,2714.54,6.8,1,0,4.39
3186,2025-01-08,Atlanta,West,Road,Carrier C,2.95,300.4,1477.0,3,3,0,1761.38,4.6,1,0,5.0
3187,2025-11-10,Chicago,West,Air,Carrier A,1.54,244.9,1378.7,2,2,0,6098.83,15.3,1,0,4.76
3188,2025-05-14,Newark,Southwest,Road,Carrier C,4.08,884.0,994.1,2,1,-1,1255.24,4.7,1,0,4.94
3189,2025-12-30,Dallas,Midwest,Road,Carrier C,1.76,199.5,510.8,2,3,1,754.49,12.6,0,0,4.24
3190,2025-07-18,Dallas,International,Sea,Carrier D,1.62,203.8,4127.8,13,8,-5,1135.8,6.5,1,0,5.0
3191,2025-01-25,Newark,Southeast,Air,Carrier A,2.09,446.9,1546.3,1,1,0,6102.35,14.9,1,0,5.0
3192,2025-05-04,Chicago,West,Rail,Carrier C,4.96,792.6,1563.0,4,3,-1,1075.88,10.5,1,0,5.0
3193,2025-09-24,Dallas,Southeast,Road,Carrier A,11.51,1014.1,891.8,2,2,0,1259.75,4.6,1,0,5.0
3194,2025-07-02,Los Angeles,Midwest,Road,Carrier C,3.4,466.0,443.2,2,2,0,660.16,17.5,1,0,5.0
3195,2025-08-21,Seattle,Northeast,Road,Carrier D,5.85,838.1,816.0,3,2,-1,1179.39,14.8,1,0,4.62
3196,2025-01-19,Newark,West,Air,Carrier A,5.68,853.7,1686.3,2,2,0,6142.58,4.8,1,0,4.45
3197,2025-06-19,Atlanta,Midwest,Road,Carrier B,1.41,131.9,617.5,2,3,1,779.2,10.2,0,0,5.0
3198,2025-01-19,Dallas,Midwest,Road,Carrier A,3.63,588.3,609.1,2,2,0,881.17,16.9,1,0,4.68
3199,2025-11-09,Newark,Southwest,Air,Carrier D,2.45,239.9,1088.8,1,2,1,4675.64,11.3,0,0,4.55
3200,2025-08-16,Chicago,Midwest,Rail,Carrier C,6.08,853.1,524.9,2,2,0,480.5,13.7,1,0,4.42
3201,2025-08-10,Atlanta,Northeast,Road,Carrier D,2.18,226.1,660.7,1,1,0,850.82,10.4,1,0,4.46
3202,2025-09-05,Dallas,Southwest,Sea,Carrier A,2.29,362.5,876.2,3,3,0,311.21,14.6,1,0,4.25
3203,2025-02-07,Newark,Northeast,Rail,Carrier B,1.59,132.8,926.4,3,4,1,628.5,16.4,0,0,4.96
3204,2025-05-13,Seattle,Southwest,Road,Carrier A,6.53,675.9,1004.4,2,1,-1,1323.05,7.0,1,0,5.0
3205,2025-09-30,Newark,Southwest,Air,Carrier A,3.81,460.4,1011.7,1,1,0,3653.8,3.8,1,0,4.83
3206,2025-02-05,Newark,Southeast,Road,Carrier A,4.86,939.2,1121.6,3,3,0,1567.39,15.8,1,0,5.0
3207,2025-12-28,Los Angeles,Northeast,Road,Carrier A,2.58,545.4,609.0,2,3,1,965.89,17.2,0,0,4.01
3208,2025-09-13,Newark,Northeast,Air,Carrier A,1.82,265.0,878.0,2,1,-1,3313.19,9.5,1,0,4.07
3209,2025-07-24,Chicago,Midwest,Sea,Carrier D,1.05,161.8,714.9,3,2,-1,213.89,5.6,1,0,4.74
3210,2025-02-20,Seattle,Southwest,Road,Carrier C,6.15,899.6,1546.1,3,4,1,1955.45,6.4,0,0,4.18
3211,2025-09-24,Atlanta,Southeast,Air,Carrier B,8.98,1370.7,844.1,1,1,0,3583.38,16.6,1,0,4.96
3212,2025-08-30,Newark,International,Rail,Carrier A,2.42,341.0,4614.7,11,11,0,2923.12,12.8,1,0,5.0
3213,2025-07-01,Dallas,Southwest,Road,Carrier B,6.45,588.3,990.1,2,1,-1,1397.47,15.0,1,0,5.0
3214,2025-10-11,Newark,Midwest,Air,Carrier B,1.09,165.3,618.0,1,1,0,2213.03,4.1,1,0,5.0
3215,2025-03-23,Newark,Southwest,Air,Carrier A,4.16,715.2,470.5,2,2,0,1859.16,9.5,1,0,5.0
3216,2025-09-18,Los Angeles,Northeast,Road,Carrier D,1.58,174.0,715.8,2,4,2,930.44,13.5,0,0,4.43
3217,2025-11-19,Newark,Northeast,Road,Carrier A,1.73,214.4,1032.9,3,3,0,1518.4,15.6,1,1,3.46
3218,2025-04-15,Atlanta,West,Sea,Carrier A,3.53,566.1,1776.2,6,6,0,571.52,8.8,1,0,5.0
3219,2025-09-12,Seattle,Midwest,Rail,Carrier D,0.93,104.2,562.5,2,2,0,344.57,4.9,1,0,5.0
3220,2025-08-02,Seattle,Midwest,Air,Carrier B,3.66,604.6,393.7,1,1,0,1539.28,8.1,1,0,4.27
3221,2025-02-03,Chicago,West,Rail,Carrier A,6.54,672.5,1615.8,4,4,0,1080.6,5.9,1,0,5.0
3222,2025-03-09,Chicago,Southwest,Air,Carrier A,1.58,197.6,1099.4,1,1,0,3896.11,3.3,1,0,4.93
3223,2025-05-21,Chicago,Southeast,Air,Carrier A,5.52,668.3,1268.0,1,1,0,4799.34,8.4,1,0,5.0
3224,2025-04-26,Seattle,Southwest,Road,Carrier B,3.63,567.2,828.6,2,1,-1,1049.84,5.6,1,0,4.33
3225,2025-04-04,Dallas,Northeast,Road,Carrier B,2.15,387.5,831.0,2,3,1,1057.4,9.5,0,0,4.69
3226,2025-04-16,Newark,West,Air,Carrier B,2.45,224.2,1935.2,2,2,0,7668.22,15.7,1,0,5.0
3227,2025-10-04,Seattle,Southwest,Rail,Carrier C,2.3,221.8,691.2,2,3,1,470.02,10.4,0,0,5.0
3228,2025-06-13,Atlanta,Southeast,Air,Carrier B,1.5,179.0,1049.2,1,1,0,4203.2,16.8,1,0,5.0
3229,2025-01-18,Atlanta,West,Rail,Carrier A,1.98,428.9,1519.4,4,3,-1,1014.56,14.4,1,0,5.0
3230,2025-02-05,Atlanta,Southeast,Sea,Carrier A,7.05,1188.1,681.1,3,2,-1,346.92,3.4,1,0,4.21
3231,2025-09-11,Newark,Southeast,Air,Carrier D,6.01,657.8,1073.1,2,2,0,4386.41,16.3,1,0,4.4
3232,2025-04-08,Dallas,Southeast,Sea,Carrier D,9.68,1322.3,1198.1,4,5,1,557.89,9.2,0,0,4.21
3233,2025-03-28,Chicago,Southwest,Road,Carrier A,1.36,128.7,874.6,2,2,0,1044.3,5.6,1,0,5.0
3234,2025-09-04,Los Angeles,Southeast,Road,Carrier C,2.32,497.2,1165.1,2,2,0,1408.27,5.0,1,0,4.94
3235,2025-11-12,Chicago,Midwest,Air,Carrier C,9.15,1017.2,652.3,1,2,1,3133.89,16.3,0,0,4.52
3236,2025-04-25,Atlanta,West,Road,Carrier B,7.8,1674.3,837.2,2,3,1,1158.69,3.3,0,0,4.68
3237,2025-01-15,Dallas,Southeast,Sea,Carrier D,4.03,431.2,999.0,4,2,-2,369.92,11.5,1,0,4.65
3238,2025-04-25,Newark,Midwest,Air,Carrier A,5.63,601.6,611.5,1,1,0,2428.21,10.7,1,0,4.93
3239,2025-10-11,Dallas,Midwest,Rail,Carrier A,2.93,350.9,513.6,2,1,-1,394.13,14.6,1,0,4.87
3240,2025-09-02,Chicago,West,Air,Carrier A,1.37,210.6,1095.8,1,1,0,4248.82,13.1,1,0,4.89
3241,2025-01-22,Los Angeles,Southwest,Road,Carrier A,3.36,532.1,849.1,2,2,0,1062.58,5.1,1,0,5.0
3242,2025-08-04,Los Angeles,Southwest,Road,Carrier A,2.61,395.1,900.1,2,2,0,1165.58,11.1,1,0,4.86
3243,2025-08-19,Dallas,International,Sea,Carrier A,4.24,457.3,7884.8,24,22,-2,2269.57,10.3,1,0,4.85
3244,2025-01-19,Dallas,Southwest,Road,Carrier D,2.07,168.5,896.0,2,3,1,1149.15,12.1,0,0,4.59
3245,2025-11-18,Newark,West,Road,Carrier C,1.69,316.3,1235.3,3,2,-1,1720.16,9.7,1,0,4.83
3246,2025-06-23,Seattle,Northeast,Sea,Carrier B,6.13,718.1,610.7,3,4,1,305.18,8.8,0,0,4.77
3247,2025-07-31,Seattle,Southeast,Road,Carrier A,0.71,121.7,711.4,2,3,1,925.57,15.8,0,0,4.19
3248,2025-09-14,Atlanta,West,Road,Carrier A,1.61,160.1,1475.2,3,4,1,1868.26,12.9,0,0,4.05
3249,2025-10-05,Los Angeles,International,Rail,Carrier A,2.04,257.8,3492.7,8,8,0,2176.64,10.8,1,0,5.0
3250,2025-12-12,Seattle,Northeast,Road,Carrier B,0.5,106.1,691.8,2,3,1,984.48,13.6,0,0,4.72
3251,2025-05-16,Seattle,Northeast,Road,Carrier B,9.29,747.7,1045.4,2,1,-1,1526.97,15.1,1,0,5.0
3252,2025-05-11,Newark,Northeast,Rail,Carrier B,13.15,1932.4,760.0,2,3,1,763.77,7.3,0,0,4.74
3253,2025-03-22,Newark,Northeast,Road,Carrier B,2.01,187.5,900.3,2,3,1,1204.83,17.0,0,1,2.52
3254,2025-02-25,Chicago,Southeast,Rail,Carrier D,2.33,425.4,751.2,2,4,2,489.96,4.4,0,0,3.96
3255,2025-12-18,Dallas,Midwest,Rail,Carrier A,8.36,944.4,545.7,2,2,0,607.92,14.8,1,0,5.0
3256,2025-12-02,Seattle,West,Rail,Carrier A,5.91,1096.3,759.4,2,3,1,658.57,4.8,0,0,4.75
3257,2025-10-01,Los Angeles,Southeast,Road,Carrier B,2.01,317.2,511.0,2,1,-1,645.78,6.2,1,0,5.0
3258,2025-01-20,Dallas,West,Road,Carrier D,2.75,601.7,1416.1,3,4,1,1705.62,4.7,0,0,4.73
3259,2025-06-09,Chicago,International,Rail,Carrier B,2.38,257.5,5977.0,13,13,0,3852.99,15.5,1,0,5.0
3260,2025-08-09,Los Angeles,West,Road,Carrier B,1.54,336.7,1401.4,3,3,0,1738.11,9.9,1,0,4.83
3261,2025-03-25,Atlanta,Midwest,Rail,Carrier B,3.48,611.5,480.0,2,4,2,369.28,6.5,0,0,4.25
3262,2025-07-19,Dallas,Northeast,Air,Carrier B,5.6,1175.2,1383.5,1,2,1,5127.95,5.8,0,0,4.75
3263,2025-03-04,Newark,Northeast,Road,Carrier B,1.52,276.9,641.3,2,1,-1,795.48,7.2,1,0,5.0
3264,2025-07-23,Seattle,Northeast,Rail,Carrier C,2.71,524.4,915.5,2,2,0,657.08,15.2,1,0,5.0
3265,2025-03-23,Atlanta,Southeast,Air,Carrier C,2.72,430.4,1193.3,1,1,0,4819.65,17.0,1,0,4.88
3266,2025-12-09,Newark,Midwest,Road,Carrier D,0.4,78.3,467.4,1,2,1,636.29,8.4,0,0,4.78
3267,2025-09-14,Los Angeles,Midwest,Sea,Carrier B,3.6,555.9,569.6,3,2,-1,260.91,16.4,1,0,4.87
3268,2025-10-14,Newark,Southeast,Air,Carrier B,4.77,517.6,858.6,2,1,-1,3538.76,17.3,1,0,4.89
3269,2025-08-03,Atlanta,Northeast,Road,Carrier D,1.51,308.0,558.4,2,2,0,687.52,5.4,1,0,4.4
3270,2025-07-04,Los Angeles,Southeast,Road,Carrier B,0.2,43.8,1007.3,2,3,1,1252.37,12.5,0,0,4.36
3271,2025-10-02,Newark,Southwest,Road,Carrier B,2.44,207.4,1070.7,2,2,0,1300.71,6.2,1,0,4.89
3272,2025-02-02,Newark,West,Road,Carrier D,9.06,1411.1,1221.9,2,3,1,1792.41,15.6,0,0,4.59
3273,2025-09-25,Newark,West,Air,Carrier C,5.73,808.4,1418.6,1,1,0,5578.21,12.7,1,0,5.0
3274,2025-04-22,Newark,International,Sea,Carrier B,11.42,2390.6,6192.8,19,19,0,2114.82,15.0,1,0,5.0
3275,2025-10-16,Los Angeles,Southwest,Road,Carrier C,9.41,1035.8,793.7,3,2,-1,1150.23,7.9,1,0,5.0
3276,2025-01-14,Seattle,Midwest,Air,Carrier A,4.11,652.6,422.2,1,1,0,1794.3,17.3,1,0,5.0
3277,2025-04-18,Dallas,West,Rail,Carrier B,2.93,531.8,1476.8,4,2,-2,979.86,11.0,1,0,5.0
3278,2025-10-19,Dallas,Southeast,Road,Carrier D,4.52,935.7,521.0,2,2,0,733.17,6.6,1,0,5.0
3279,2025-11-05,Los Angeles,Northeast,Air,Carrier B,9.05,906.5,809.8,1,2,1,3480.33,5.9,0,0,5.0
3280,2025-07-24,Dallas,Southeast,Sea,Carrier D,3.11,555.5,800.1,3,6,3,297.83,8.5,0,0,3.97
3281,2025-10-06,Atlanta,Southwest,Road,Carrier A,5.01,839.1,595.1,2,1,-1,889.86,15.3,1,0,4.86
3282,2025-05-01,Chicago,West,Road,Carrier B,0.57,77.2,1058.7,3,4,1,1246.52,5.9,0,0,4.89
3283,2025-11-06,Los Angeles,Southeast,Road,Carrier A,5.26,421.4,893.3,2,4,2,1349.53,11.3,0,0,4.3
3284,2025-01-27,Atlanta,Northeast,Road,Carrier A,7.42,945.4,993.7,3,4,1,1466.91,17.2,0,0,5.0
3285,2025-06-08,Chicago,West,Road,Carrier D,1.1,156.9,1378.3,3,3,0,1666.68,8.2,1,0,5.0
3286,2025-10-18,Seattle,International,Sea,Carrier D,2.28,225.9,7516.2,22,18,-4,2257.47,17.3,1,0,5.0
3287,2025-06-16,Dallas,Midwest,Road,Carrier A,4.19,502.1,487.2,2,4,2,726.79,16.5,0,0,4.32
3288,2025-05-25,Chicago,Midwest,Road,Carrier B,2.92,637.0,364.0,2,1,-1,531.33,11.6,1,0,4.96
3289,2025-12-30,Newark,Northeast,Road,Carrier B,2.04,302.7,717.6,2,5,3,1060.61,13.4,0,0,4.25
3290,2025-01-11,Los Angeles,West,Rail,Carrier A,6.09,1022.9,1324.7,3,2,-1,935.58,7.4,1,0,5.0
3291,2025-01-02,Newark,West,Rail,Carrier B,3.33,642.8,1585.6,4,4,0,1005.73,5.4,1,0,5.0
3292,2025-02-12,Los Angeles,Northeast,Road,Carrier B,2.21,381.2,907.2,2,1,-1,1160.29,10.5,1,0,4.8
3293,2025-05-16,Los Angeles,Southwest,Road,Carrier B,1.97,344.6,680.9,2,2,0,864.27,8.6,1,0,4.09
3294,2025-07-01,Newark,Northeast,Road,Carrier B,7.64,1304.2,1124.7,3,3,0,1649.4,16.4,1,0,4.66
3295,2025-07-03,Newark,Northeast,Road,Carrier B,4.69,585.0,835.5,2,3,1,1073.61,5.4,0,0,5.0
3296,2025-01-02,Dallas,West,Road,Carrier B,4.31,580.6,1053.2,2,2,0,1291.1,3.1,1,0,5.0
3297,2025-04-08,Chicago,Southwest,Rail,Carrier B,4.95,692.7,835.2,2,3,1,640.45,12.7,0,0,4.94
3298,2025-07-09,Dallas,Northeast,Sea,Carrier B,8.19,1022.6,890.0,4,3,-1,413.85,4.4,1,0,5.0
3299,2025-06-09,Seattle,Southwest,Road,Carrier C,1.85,363.4,595.8,2,1,-1,752.42,7.3,1,0,5.0
3300,2025-07-14,Atlanta,Southeast,Road,Carrier B,2.36,406.1,929.8,2,2,0,1146.39,6.3,1,0,4.74
3301,2025-03-05,Dallas,West,Sea,Carrier B,0.43,44.5,1147.0,4,3,-1,314.06,6.3,1,0,5.0
3302,2025-02-19,Newark,Southwest,Road,Carrier B,4.16,603.2,1302.8,3,3,0,1632.48,7.0,1,0,5.0
3303,2025-09-12,Seattle,Southwest,Air,Carrier B,2.77,557.7,863.6,1,1,0,3216.23,7.0,1,0,4.8
3304,2025-08-22,Chicago,Northeast,Road,Carrier D,4.54,516.8,760.8,2,1,-1,1062.97,14.2,1,0,4.79
3305,2025-10-06,Newark,Southeast,Air,Carrier B,4.38,500.9,679.1,1,1,0,2502.84,4.3,1,0,4.68
3306,2025-04-13,Seattle,Northeast,Rail,Carrier D,0.19,35.6,915.5,3,2,-1,576.23,13.4,1,0,5.0
3307,2025-07-02,Atlanta,Northeast,Road,Carrier A,1.92,410.2,675.4,2,4,2,892.87,12.7,0,0,4.32
3308,2025-12-29,Newark,Northeast,Road,Carrier B,4.14,553.2,734.6,2,3,1,1162.38,15.6,0,0,4.45
3309,2025-09-10,Atlanta,Northeast,Sea,Carrier C,9.48,1310.6,997.4,3,7,4,481.36,5.3,0,0,3.5
3310,2025-03-19,Atlanta,Southwest,Road,Carrier D,1.27,115.3,916.9,2,2,0,1071.72,3.7,1,1,3.42
3311,2025-06-23,Newark,West,Road,Carrier A,2.34,348.6,1244.4,3,3,0,1607.65,13.1,1,0,5.0
3312,2025-03-31,Newark,Southwest,Road,Carrier A,6.54,638.6,731.9,2,2,0,1083.69,15.9,1,0,4.74
3313,2025-03-31,Chicago,Northeast,Air,Carrier D,4.82,596.8,871.2,1,1,0,3474.87,13.4,1,0,5.0
3314,2025-07-16,Dallas,Northeast,Sea,Carrier A,4.34,744.8,379.3,3,5,2,208.73,5.9,0,0,4.36
3315,2025-06-18,Dallas,Northeast,Road,Carrier B,0.1,14.5,617.1,1,1,0,713.7,4.8,1,0,4.48
3316,2025-07-07,Dallas,International,Sea,Carrier D,2.51,447.0,7505.3,22,20,-2,2095.05,8.2,1,1,3.62
3317,2025-12-26,Chicago,International,Sea,Carrier A,2.65,339.0,6694.1,20,22,2,2050.26,5.8,0,0,4.33
3318,2025-09-22,Dallas,Northeast,Air,Carrier A,2.63,358.6,590.8,1,2,1,2405.14,16.4,0,0,4.69
3319,2025-02-28,Chicago,Midwest,Road,Carrier B,1.93,387.8,489.5,2,2,0,675.95,15.2,1,0,4.45
3320,2025-06-22,Chicago,Southeast,Rail,Carrier A,2.76,372.0,913.2,3,4,1,638.1,13.5,0,0,4.06
3321,2025-08-01,Dallas,Northeast,Rail,Carrier A,2.16,269.2,522.1,2,4,2,372.94,12.0,0,0,4.2
3322,2025-09-15,Los Angeles,Southeast,Road,Carrier D,2.07,259.5,1377.1,3,4,1,1649.26,5.8,0,0,4.8
3323,2025-11-10,Dallas,West,Road,Carrier D,1.52,181.3,2044.4,4,4,0,2827.71,10.7,1,0,4.61
3324,2025-04-14,Los Angeles,West,Road,Carrier D,1.17,140.0,1835.3,3,5,2,2194.6,7.4,0,0,4.32
3325,2025-05-15,Los Angeles,Southeast,Air,Carrier B,5.47,473.0,808.3,2,1,-1,3150.61,10.4,1,0,4.75
3326,2025-02-03,Atlanta,Southwest,Road,Carrier B,0.2,31.3,1167.2,2,1,-1,1412.1,9.6,1,0,4.75
3327,2025-06-11,Dallas,Southwest,Road,Carrier B,1.94,358.7,840.0,2,2,0,1075.94,10.8,1,0,4.7
3328,2025-05-08,Dallas,West,Road,Carrier C,5.17,790.3,1130.2,3,3,0,1429.74,5.1,1,0,5.0
3329,2025-06-02,Newark,Midwest,Rail,Carrier B,3.31,607.4,275.5,1,2,1,251.01,8.4,0,0,4.34
3330,2025-03-28,Dallas,Midwest,Road,Carrier A,0.3,36.5,557.3,2,2,0,725.37,17.1,1,0,5.0
3331,2025-08-24,Seattle,Northeast,Road,Carrier A,3.45,714.1,864.0,2,3,1,1083.5,4.4,0,0,4.28
3332,2025-10-21,Seattle,Northeast,Air,Carrier D,2.69,317.8,758.0,1,1,0,3105.1,17.9,1,0,4.96
3333,2025-11-30,Dallas,Midwest,Road,Carrier B,0.42,58.1,562.4,1,1,0,803.08,14.2,1,0,5.0
3334,2025-08-12,Los Angeles,Midwest,Rail,Carrier B,5.63,679.7,383.1,1,1,0,358.84,9.0,1,0,5.0
3335,2025-10-25,Seattle,Southeast,Road,Carrier B,2.38,385.5,792.7,2,2,0,1077.07,16.2,1,0,5.0
3336,2025-04-11,Los Angeles,International,Air,Carrier B,1.86,363.3,8774.0,3,3,0,31461.15,5.3,1,0,5.0
3337,2025-04-08,Newark,West,Road,Carrier D,1.47,185.7,1362.4,3,3,0,1614.15,5.5,1,0,5.0
3338,2025-11-26,Newark,Northeast,Air,Carrier B,4.3,777.5,828.6,2,3,1,3575.22,9.3,0,0,4.92
3339,2025-01-02,Dallas,West,Road,Carrier A,1.51,229.6,1725.8,3,3,0,2119.95,9.7,1,0,4.72
3340,2025-08-28,Dallas,Midwest,Road,Carrier A,4.77,944.0,385.6,2,3,1,637.94,17.5,0,0,4.82
3341,2025-12-04,Newark,Midwest,Road,Carrier A,0.54,44.0,404.6,2,3,1,525.78,3.1,0,0,4.82
3342,2025-11-02,Atlanta,Northeast,Road,Carrier D,1.35,126.3,757.0,2,3,1,1122.22,16.6,0,0,4.22
3343,2025-01-03,Newark,Midwest,Sea,Carrier A,0.78,153.6,268.6,1,1,0,89.27,3.1,1,0,5.0
3344,2025-10-04,Newark,International,Air,Carrier B,1.27,237.2,5577.7,2,3,1,20609.63,8.5,0,0,4.91
3345,2025-07-03,Atlanta,Southwest,Rail,Carrier B,1.5,194.9,873.3,2,2,0,554.55,8.2,1,0,4.57
3346,2025-07-27,Los Angeles,Midwest,Sea,Carrier B,4.12,422.2,371.3,2,1,-1,184.58,5.0,1,0,5.0
3347,2025-09-15,Dallas,Midwest,Road,Carrier D,1.4,189.8,530.9,2,4,2,723.78,17.8,0,0,4.61
3348,2025-07-11,Atlanta,Midwest,Road,Carrier B,4.57,546.1,50.0,1,1,0,157.08,4.1,1,0,5.0
3349,2025-12-09,Los Angeles,Southwest,Road,Carrier D,5.85,489.8,1224.5,3,3,0,1794.61,9.8,1,0,5.0
3350,2025-09-08,Seattle,West,Road,Carrier B,7.1,1449.1,1666.6,3,3,0,2354.19,17.0,1,0,4.21
3351,2025-10-07,Atlanta,Midwest,Air,Carrier B,1.58,275.4,466.0,1,1,0,1681.89,3.7,1,0,5.0
3352,2025-02-24,Chicago,Southeast,Sea,Carrier D,5.07,416.3,760.4,3,4,1,311.62,8.6,0,0,5.0
3353,2025-05-06,Chicago,Midwest,Road,Carrier C,0.75,154.5,417.6,2,2,0,501.3,4.8,1,0,5.0
3354,2025-08-24,Los Angeles,Midwest,Rail,Carrier B,3.97,472.6,278.6,1,2,1,249.39,5.5,0,0,4.77
3355,2025-09-10,Seattle,Midwest,Air,Carrier A,1.79,154.6,539.5,2,1,-1,2111.75,13.0,1,0,5.0
3356,2025-07-25,Seattle,Northeast,Road,Carrier D,8.27,844.3,846.6,2,3,1,1229.19,12.0,0,0,4.09
3357,2025-05-29,Newark,International,Rail,Carrier A,1.52,287.3,6812.5,14,13,-1,3916.48,3.5,1,0,5.0
3358,2025-05-03,Seattle,Midwest,Air,Carrier B,3.04,335.7,536.6,1,1,0,2171.65,15.1,1,0,5.0
3359,2025-07-20,Chicago,Southwest,Rail,Carrier D,1.19,241.0,878.1,3,2,-1,555.83,8.4,1,0,5.0
3360,2025-10-01,Chicago,Midwest,Road,Carrier A,0.58,96.5,543.4,2,3,1,663.22,8.5,0,0,4.73
3361,2025-01-16,Seattle,Southeast,Air,Carrier A,0.82,85.4,560.5,1,2,1,2266.55,17.9,0,0,4.21
3362,2025-03-14,Dallas,West,Road,Carrier A,4.51,644.1,1270.8,3,3,0,1614.59,7.8,1,0,4.42
3363,2025-02-24,Chicago,International,Sea,Carrier B,3.0,536.0,6264.0,19,16,-3,1855.68,13.3,1,0,4.95
3364,2025-06-12,Chicago,Southwest,Air,Carrier B,9.47,1432.5,1279.4,1,2,1,5312.04,16.4,0,0,4.33
3365,2025-08-20,Los Angeles,Southeast,Rail,Carrier A,3.0,241.9,1081.9,3,2,-1,746.69,14.5,1,0,4.67
3366,2025-08-18,Dallas,International,Sea,Carrier A,0.86,180.8,8341.8,25,24,-1,2284.42,8.4,1,0,5.0
3367,2025-09-20,Newark,International,Sea,Carrier A,1.77,252.8,7384.3,23,20,-3,2141.65,13.6,1,0,5.0
3368,2025-09-14,Chicago,Northeast,Road,Carrier C,8.67,1522.3,471.4,2,3,1,777.68,7.3,0,0,4.8
3369,2025-11-03,Newark,Midwest,Road,Carrier B,2.01,297.3,570.3,2,3,1,793.0,5.3,0,0,4.31
3370,2025-05-23,Seattle,Southwest,Rail,Carrier A,1.6,155.7,1212.3,4,4,0,753.1,7.8,1,0,5.0
3371,2025-12-11,Atlanta,International,Sea,Carrier B,0.73,85.9,3074.8,10,12,2,955.27,8.8,0,0,4.81
3372,2025-02-12,Seattle,Southeast,Road,Carrier C,3.29,616.0,605.7,2,2,0,774.79,3.8,1,0,5.0
3373,2025-07-17,Dallas,Southeast,Road,Carrier A,6.81,1104.4,963.8,3,4,1,1379.5,13.3,0,0,5.0
3374,2025-02-23,Dallas,Southwest,Rail,Carrier D,2.04,204.8,1275.4,4,4,0,862.6,16.2,1,0,4.49
3375,2025-03-21,Newark,Southwest,Road,Carrier C,5.98,616.7,824.8,3,3,0,1209.65,17.7,1,0,4.37
3376,2025-06-21,Atlanta,Southwest,Road,Carrier A,3.7,641.5,1088.4,2,2,0,1376.14,7.1,1,0,4.46
3377,2025-02-24,Newark,Southwest,Sea,Carrier A,4.34,610.8,941.0,4,2,-2,365.91,10.6,1,0,5.0
3378,2025-12-10,Dallas,Midwest,Road,Carrier A,1.13,221.3,629.4,2,3,1,941.59,16.7,0,0,4.84
3379,2025-12-11,Dallas,Southwest,Road,Carrier A,2.35,293.6,731.6,2,3,1,1094.11,14.3,0,0,4.36
3380,2025-12-18,Atlanta,Midwest,Road,Carrier A,2.55,352.6,530.5,2,2,0,825.65,15.3,1,0,5.0
3381,2025-01-28,Chicago,Midwest,Air,Carrier B,4.41,636.5,587.2,1,1,0,2417.14,15.4,1,0,4.64
3382,2025-05-22,Los Angeles,Southeast,Rail,Carrier C,5.53,511.1,983.5,3,3,0,729.9,12.4,1,1,3.36
3383,2025-09-17,Atlanta,Northeast,Road,Carrier A,2.9,336.1,595.5,1,2,1,801.22,12.0,0,0,4.02
3384,2025-04-10,Seattle,Midwest,Rail,Carrier A,2.05,199.0,601.9,2,2,0,402.2,8.2,1,0,4.69
3385,2025-06-05,Newark,Southeast,Road,Carrier A,6.34,882.0,837.4,2,3,1,1093.19,3.1,0,0,4.5
3386,2025-01-07,Atlanta,International,Sea,Carrier D,1.33,138.2,8203.5,25,25,0,2320.81,11.7,1,0,4.52
3387,2025-03-05,Atlanta,International,Sea,Carrier B,6.61,792.3,5999.3,18,17,-1,1846.72,12.7,1,0,4.82
3388,2025-02-23,Seattle,Southwest,Rail,Carrier A,2.86,287.7,858.8,3,3,0,576.21,8.8,1,0,5.0
3389,2025-06-01,Newark,Northeast,Road,Carrier C,3.12,506.2,1092.4,3,3,0,1403.73,10.2,1,0,5.0
3390,2025-06-21,Los Angeles,Southwest,Road,Carrier C,7.85,1476.7,1004.5,2,2,0,1509.12,16.4,1,0,5.0
3391,2025-12-04,Los Angeles,Northeast,Road,Carrier D,0.55,65.9,431.2,2,4,2,606.73,11.5,0,0,4.11
3392,2025-10-04,Newark,Northeast,Rail,Carrier A,2.34,285.7,488.1,2,2,0,344.23,8.3,1,0,5.0
3393,2025-02-15,Chicago,Southeast,Road,Carrier A,2.91,417.8,1294.0,3,4,1,1577.25,6.0,0,0,5.0
3394,2025-11-20,Seattle,West,Rail,Carrier A,2.08,170.0,914.9,3,6,3,715.05,17.6,0,0,3.38
3395,2025-01-18,Los Angeles,Midwest,Air,Carrier B,1.96,224.7,537.3,1,1,0,2027.96,8.6,1,0,5.0
3396,2025-07-13,Chicago,West,Air,Carrier A,4.45,446.1,2221.7,2,2,0,7956.09,4.1,1,0,5.0
3397,2025-12-20,Chicago,Southwest,Air,Carrier B,8.34,1504.2,870.0,1,2,1,3873.1,9.5,0,0,4.69
3398,2025-09-21,Los Angeles,Northeast,Air,Carrier B,3.23,274.4,946.3,1,2,1,3607.75,10.0,0,0,4.32
3399,2025-02-14,Chicago,Northeast,Road,Carrier B,1.18,193.3,1045.6,2,3,1,1309.42,11.2,0,0,4.45
3400,2025-01-08,Los Angeles,Northeast,Road,Carrier B,3.14,470.3,548.0,2,2,0,769.68,14.3,1,0,4.96
3401,2025-02-10,Dallas,International,Sea,Carrier A,8.94,1101.2,3789.1,11,6,-5,1330.71,17.1,1,0,5.0
3402,2025-03-11,Chicago,Southeast,Sea,Carrier B,4.18,662.0,745.4,3,1,-2,306.72,8.7,1,1,3.75
3403,2025-02-09,Atlanta,Midwest,Rail,Carrier D,8.0,1043.6,347.7,2,1,-1,416.87,14.7,1,0,4.91
3404,2025-05-02,Atlanta,West,Rail,Carrier B,0.57,115.9,1148.8,4,2,-2,668.85,3.5,1,0,4.96
3405,2025-01-18,Atlanta,International,Rail,Carrier B,3.22,406.0,5020.3,11,13,2,3002.41,6.1,0,0,5.0
3406,2025-05-27,Chicago,West,Road,Carrier B,6.56,1396.3,1001.1,2,2,0,1405.17,10.7,1,0,4.64
3407,2025-01-08,Chicago,Southeast,Road,Carrier B,8.31,1020.3,728.6,2,4,2,1038.67,6.3,0,0,4.18
3408,2025-08-27,Los Angeles,Southeast,Air,Carrier C,4.96,879.7,682.6,1,1,0,2641.45,8.3,1,0,5.0
3409,2025-09-24,Los Angeles,Midwest,Road,Carrier D,3.57,675.7,789.8,2,2,0,1085.14,13.5,1,0,5.0
3410,2025-03-06,Atlanta,Midwest,Sea,Carrier C,2.7,353.9,537.0,3,1,-2,221.52,15.1,1,0,4.94
3411,2025-12-20,Seattle,Southwest,Sea,Carrier A,0.72,150.0,1394.2,4,4,0,478.21,16.4,1,0,5.0
3412,2025-04-18,Atlanta,Southeast,Air,Carrier B,1.27,102.8,751.4,1,2,1,2963.17,14.9,0,0,4.66
3413,2025-03-11,Seattle,Midwest,Rail,Carrier B,2.13,325.8,509.4,2,1,-1,338.94,3.2,1,0,5.0
3414,2025-04-04,Dallas,Southeast,Sea,Carrier A,7.97,1243.1,1065.8,4,3,-1,493.43,10.1,1,0,4.65
3415,2025-01-14,Chicago,West,Air,Carrier A,0.51,107.0,1757.4,1,1,0,6323.63,5.6,1,0,5.0
3416,2025-09-09,Newark,Southwest,Road,Carrier B,6.71,1099.3,1342.6,3,3,0,1755.01,7.5,1,0,5.0
3417,2025-09-23,Atlanta,West,Sea,Carrier B,3.38,557.5,876.6,4,2,-2,319.78,7.4,1,0,5.0
3418,2025-04-24,Seattle,Northeast,Air,Carrier C,1.64,346.3,687.2,1,2,1,2582.85,8.6,0,0,4.7
3419,2025-12-18,Los Angeles,Southwest,Road,Carrier A,6.03,1066.9,1311.8,3,4,1,2016.98,13.5,0,0,4.07
3420,2025-01-10,Dallas,West,Rail,Carrier A,7.15,740.6,1270.2,4,5,1,888.51,5.4,0,0,4.52
3421,2025-01-10,Seattle,Northeast,Road,Carrier C,6.23,1093.1,743.1,2,1,-1,1008.06,4.4,1,0,4.7
3422,2025-03-16,Dallas,International,Sea,Carrier D,1.95,164.8,7333.4,22,20,-2,2119.66,13.3,1,0,4.59
3423,2025-12-17,Chicago,Midwest,Air,Carrier A,6.64,751.6,360.9,1,2,1,1588.99,4.0,0,0,5.0
3424,2025-11-04,Seattle,Southeast,Road,Carrier C,3.99,356.1,1015.0,2,2,0,1467.23,9.7,1,0,5.0
3425,2025-01-09,Atlanta,Southeast,Road,Carrier A,1.01,150.2,418.3,2,2,0,563.33,16.7,1,0,5.0
3426,2025-03-08,Los Angeles,West,Rail,Carrier C,3.03,295.9,1626.9,4,7,3,1038.08,8.7,0,0,4.78
3427,2025-01-14,Newark,West,Air,Carrier A,1.48,235.4,1851.3,2,3,1,6834.74,8.0,0,0,4.54
3428,2025-11-22,Seattle,Southwest,Rail,Carrier D,8.51,1786.0,988.1,3,4,1,907.86,6.6,0,0,5.0
3429,2025-01-02,Los Angeles,Northeast,Rail,Carrier C,6.87,1068.9,876.1,3,5,2,714.42,11.9,0,0,4.28
3430,2025-02-22,Dallas,Northeast,Road,Carrier B,4.46,898.3,937.1,2,1,-1,1254.56,9.8,1,0,5.0
3431,2025-04-14,Dallas,Northeast,Road,Carrier A,1.63,293.0,686.6,2,3,1,826.04,4.0,0,0,5.0
3432,2025-03-30,Atlanta,Southwest,Rail,Carrier A,0.71,123.7,867.4,3,5,2,558.2,13.0,0,0,4.61
3433,2025-03-15,Atlanta,Northeast,Sea,Carrier A,1.67,264.6,855.7,4,3,-1,285.53,13.2,1,0,5.0
3434,2025-11-30,Atlanta,Northeast,Road,Carrier B,1.88,189.2,308.6,2,5,3,469.65,11.2,0,0,3.2
3435,2025-10-24,Seattle,Southwest,Road,Carrier B,0.71,60.5,1128.7,3,3,0,1345.59,7.2,1,0,4.92
3436,2025-12-05,Dallas,Northeast,Road,Carrier A,2.3,301.7,654.6,2,5,3,893.01,3.6,0,0,3.92
3437,2025-06-21,Atlanta,International,Sea,Carrier B,6.9,1231.6,7004.0,21,21,0,2069.39,8.0,1,0,4.22
3438,2025-08-12,Chicago,Midwest,Road,Carrier B,2.28,331.4,457.4,2,3,1,580.5,4.8,0,0,4.55
3439,2025-05-04,Seattle,Midwest,Road,Carrier C,1.86,201.6,496.2,2,1,-1,673.71,15.4,1,0,4.81
3440,2025-09-11,Chicago,Midwest,Road,Carrier D,7.94,1670.5,591.9,1,3,2,942.51,10.4,0,0,3.99
3441,2025-08-10,Atlanta,Northeast,Air,Carrier A,5.62,1069.3,993.1,1,1,0,3676.19,4.6,1,0,5.0
3442,2025-06-02,Atlanta,Southwest,Air,Carrier A,0.58,110.5,961.3,1,1,0,3574.58,8.9,1,0,4.58
3443,2025-05-18,Newark,Southwest,Air,Carrier B,2.79,502.4,799.3,1,1,0,2968.56,6.6,1,0,5.0
3444,2025-10-25,Chicago,West,Road,Carrier C,10.43,2110.9,2113.4,4,4,0,2708.25,4.7,1,0,5.0
3445,2025-12-06,Atlanta,Midwest,Air,Carrier B,2.08,399.7,534.7,1,1,0,2386.66,14.0,1,0,4.45
3446,2025-12-12,Los Angeles,International,Sea,Carrier D,10.34,1738.1,6055.6,19,19,0,2110.24,7.3,1,0,5.0
3447,2025-05-09,Atlanta,West,Road,Carrier B,12.54,2649.5,1192.6,2,2,0,1684.73,3.2,1,0,5.0
3448,2025-08-03,Newark,Northeast,Air,Carrier C,3.14,671.7,1046.8,2,2,0,4007.29,10.1,1,0,5.0
3449,2025-09-11,Los Angeles,West,Road,Carrier D,1.54,327.9,881.8,3,3,0,1160.83,15.0,1,0,4.93
3450,2025-11-04,Chicago,Northeast,Road,Carrier B,1.63,324.8,898.9,2,2,0,1212.99,5.2,1,0,4.64
3451,2025-01-03,Chicago,Northeast,Sea,Carrier A,8.24,1269.7,648.4,3,3,0,409.65,17.3,1,0,5.0
3452,2025-07-14,Dallas,Southeast,Road,Carrier B,4.8,837.6,623.7,2,1,-1,867.24,8.4,1,0,5.0
3453,2025-07-18,Seattle,Midwest,Air,Carrier A,4.77,514.4,445.4,1,2,1,1701.87,5.6,0,0,3.61
3454,2025-10-13,Chicago,Southeast,Road,Carrier B,2.72,322.4,768.4,2,2,0,977.07,8.3,1,0,4.9
3455,2025-08-06,Atlanta,Northeast,Air,Carrier A,1.05,225.8,766.9,1,1,0,2992.7,13.6,1,0,4.97
3456,2025-03-17,Atlanta,Northeast,Road,Carrier B,5.09,1038.3,900.8,2,1,-1,1256.72,12.3,1,0,5.0
3457,2025-03-24,Seattle,Midwest,Road,Carrier A,3.59,612.1,451.2,2,2,0,599.91,3.3,1,0,5.0
3458,2025-09-22,Atlanta,Northeast,Road,Carrier A,1.7,304.3,588.7,2,1,-1,777.14,12.9,1,0,5.0
3459,2025-10-08,Atlanta,Northeast,Road,Carrier D,3.49,387.2,732.2,2,2,0,959.55,9.4,1,0,4.72
3460,2025-06-04,Atlanta,Northeast,Sea,Carrier B,2.86,357.5,769.7,4,4,0,267.4,5.6,1,0,5.0
3461,2025-09-27,Seattle,Southwest,Rail,Carrier B,4.04,410.0,933.2,3,4,1,682.98,14.9,0,0,3.86
3462,2025-08-29,Dallas,International,Sea,Carrier D,2.84,333.7,7803.3,23,21,-2,2321.63,15.5,1,0,5.0
3463,2025-04-16,Chicago,Southwest,Air,Carrier A,3.77,818.8,844.1,1,1,0,3115.71,5.0,1,0,4.75
3464,2025-11-11,Newark,International,Sea,Carrier D,1.58,167.3,4285.7,14,8,-6,1421.25,15.0,1,0,5.0
3465,2025-12-10,Los Angeles,Midwest,Sea,Carrier B,0.89,99.1,532.6,2,3,1,177.31,4.5,0,0,4.98
3466,2025-07-11,Atlanta,Southwest,Road,Carrier A,1.99,426.7,779.6,2,3,1,956.91,5.3,0,0,4.48
3467,2025-08-10,Los Angeles,Midwest,Road,Carrier B,2.81,600.5,539.0,2,2,0,761.44,14.5,1,0,4.42
3468,2025-12-15,Newark,Southeast,Sea,Carrier D,0.95,181.5,821.2,3,5,2,280.41,9.5,0,1,2.57
3469,2025-12-04,Newark,Northeast,Road,Carrier D,8.57,1324.2,758.8,2,3,1,1257.82,9.1,0,0,3.58
3470,2025-10-09,Dallas,Midwest,Air,Carrier A,2.24,289.6,548.7,2,2,0,2229.34,16.5,1,0,4.83
3471,2025-11-12,Chicago,International,Air,Carrier C,1.23,255.3,6395.7,3,5,2,26243.56,7.6,0,0,4.01
3472,2025-04-19,Seattle,West,Road,Carrier C,2.51,502.9,1668.3,3,3,0,2081.97,9.7,1,0,4.95
3473,2025-03-28,Chicago,Southwest,Air,Carrier A,2.73,341.6,959.6,1,2,1,3629.54,9.3,0,0,5.0
3474,2025-12-15,Newark,Southeast,Road,Carrier B,5.95,519.8,608.6,2,3,1,960.7,9.3,0,0,4.58
3475,2025-06-23,Chicago,International,Sea,Carrier A,2.49,545.5,6863.2,21,21,0,2019.05,13.4,1,0,5.0
3476,2025-05-17,Newark,Northeast,Air,Carrier A,3.72,340.0,589.6,1,1,0,2248.02,8.2,1,0,4.97
3477,2025-06-24,Atlanta,West,Rail,Carrier B,6.19,1002.9,1194.2,4,6,2,892.63,11.6,0,0,4.1
3478,2025-11-16,Los Angeles,Northeast,Road,Carrier D,3.52,637.7,816.8,2,3,1,1137.49,3.3,0,0,4.42
3479,2025-12-12,Los Angeles,West,Air,Carrier A,2.7,437.5,1212.8,1,3,2,5232.21,11.6,0,0,3.99
3480,2025-08-01,Newark,Midwest,Road,Carrier B,6.03,1160.3,532.1,1,2,1,851.85,16.1,0,0,3.88
3481,2025-03-22,Los Angeles,Southeast,Air,Carrier B,4.04,410.5,990.1,2,2,0,3626.64,5.2,1,0,5.0
3482,2025-12-04,Chicago,West,Road,Carrier A,5.02,576.2,1380.2,3,5,2,2045.89,12.6,0,0,4.32
3483,2025-09-09,Dallas,International,Rail,Carrier D,5.24,909.2,6528.8,14,15,1,3863.43,4.0,0,0,4.33
3484,2025-02-01,Dallas,Southeast,Road,Carrier B,3.22,338.1,948.3,3,3,0,1195.89,7.9,1,0,4.69
3485,2025-10-18,Newark,Northeast,Air,Carrier C,3.63,477.9,1059.3,1,1,0,4232.05,15.0,1,0,4.68
3486,2025-10-30,Newark,West,Air,Carrier B,4.33,832.8,834.4,1,1,0,3467.74,17.8,1,0,5.0
3487,2025-01-11,Atlanta,Southeast,Air,Carrier C,1.57,215.3,943.6,1,1,0,3391.86,4.6,1,0,4.58
3488,2025-01-19,Atlanta,Southwest,Rail,Carrier D,2.03,185.9,1083.3,4,4,0,748.03,17.7,1,0,4.64
3489,2025-07-20,Chicago,West,Road,Carrier C,7.29,1363.0,1694.7,3,2,-1,2254.01,10.4,1,0,5.0
3490,2025-04-29,Seattle,Northeast,Road,Carrier D,1.97,311.5,823.0,2,2,0,1075.93,13.2,1,0,5.0
3491,2025-06-18,Los Angeles,Northeast,Sea,Carrier A,3.45,680.9,519.8,3,1,-2,235.17,9.0,1,0,4.53
3492,2025-11-19,Atlanta,Southeast,Road,Carrier B,1.21,219.0,708.2,2,2,0,1012.74,11.9,1,0,5.0
3493,2025-04-25,Seattle,West,Road,Carrier A,6.08,1327.8,1298.8,3,3,0,1717.91,8.3,1,1,3.44
3494,2025-08-11,Chicago,Northeast,Road,Carrier A,4.16,458.3,709.8,2,2,0,989.93,14.3,1,0,5.0
3495,2025-04-27,Dallas,International,Air,Carrier B,6.84,1464.1,6118.2,3,3,0,23306.33,11.1,1,0,4.99
3496,2025-11-05,Atlanta,International,Rail,Carrier C,5.7,885.1,6874.5,15,15,0,5093.94,16.3,1,0,5.0
3497,2025-07-30,Newark,Northeast,Rail,Carrier D,1.89,183.9,707.8,3,3,0,465.28,9.0,1,0,5.0
3498,2025-10-15,Los Angeles,International,Sea,Carrier A,5.11,684.5,4570.8,14,12,-2,1347.64,7.5,1,0,4.85
3499,2025-10-11,Newark,Southeast,Road,Carrier B,9.83,1711.4,697.8,2,1,-1,1142.62,14.2,1,0,4.82
3500,2025-02-03,Atlanta,International,Sea,Carrier A,5.55,788.3,6639.4,20,20,0,2000.02,12.2,1,0,5.0
3501,2025-12-20,Los Angeles,Midwest,Road,Carrier A,8.5,954.8,318.8,2,4,2,639.05,8.5,0,0,3.42
3502,2025-09-03,Dallas,Southeast,Road,Carrier D,0.66,92.1,503.4,2,3,1,625.09,10.0,0,0,4.33
3503,2025-04-22,Atlanta,Northeast,Air,Carrier C,5.69,921.2,1203.9,2,3,1,4600.75,8.9,0,0,4.37
3504,2025-10-05,Atlanta,Southwest,Road,Carrier A,0.71,132.5,918.1,2,1,-1,1064.19,3.6,1,0,5.0
3505,2025-03-22,Los Angeles,Southwest,Road,Carrier B,1.62,321.6,927.8,2,1,-1,1242.37,17.1,1,0,5.0
3506,2025-09-17,Los Angeles,Southwest,Air,Carrier A,1.01,123.3,909.4,1,1,0,3499.29,12.4,1,0,4.47
3507,2025-07-26,Los Angeles,International,Sea,Carrier D,3.22,534.3,5159.8,16,12,-4,1567.03,14.8,1,0,5.0
3508,2025-10-19,Los Angeles,Southwest,Road,Carrier D,9.43,1430.6,765.4,2,1,-1,1122.42,6.4,1,0,4.58
3509,2025-07-19,Atlanta,International,Sea,Carrier B,3.22,446.5,5679.3,17,13,-4,1691.7,13.5,1,0,4.77
3510,2025-07-25,Seattle,Southwest,Air,Carrier A,5.08,635.7,1548.3,2,2,0,5930.97,10.4,1,0,5.0
3511,2025-07-23,Chicago,Southwest,Road,Carrier C,1.86,344.0,1000.5,2,3,1,1339.32,16.9,0,0,4.89
3512,2025-05-30,Chicago,International,Sea,Carrier D,4.3,441.6,7643.2,23,29,6,2101.26,5.2,0,0,2.16
3513,2025-05-06,Newark,Southwest,Road,Carrier B,0.58,100.4,873.1,2,2,0,1105.65,13.5,1,0,4.62
3514,2025-05-20,Chicago,West,Road,Carrier D,2.16,282.2,1482.1,3,3,0,1961.87,17.0,1,0,5.0
3515,2025-05-08,Los Angeles,Northeast,Sea,Carrier A,0.67,80.6,929.9,3,5,2,281.12,14.0,0,0,4.8
3516,2025-04-02,Atlanta,Southeast,Rail,Carrier D,8.21,1626.9,962.8,3,4,1,865.44,17.9,0,1,3.5
3517,2025-01-07,Chicago,Southwest,Air,Carrier A,1.73,270.7,961.4,1,1,0,3569.7,7.9,1,0,5.0
3518,2025-09-17,Atlanta,Southwest,Sea,Carrier B,3.65,704.4,1249.4,5,5,0,427.72,6.3,1,0,4.79
3519,2025-02-14,Newark,Northeast,Sea,Carrier C,3.01,266.1,1200.0,4,3,-1,403.92,12.7,1,0,5.0
3520,2025-06-20,Seattle,Midwest,Road,Carrier B,0.56,55.8,534.6,2,2,0,693.34,15.7,1,0,5.0
3521,2025-03-25,Newark,Southwest,Air,Carrier C,2.49,389.1,1160.0,1,1,0,4321.07,8.0,1,0,4.0
3522,2025-03-16,Seattle,Southeast,Road,Carrier C,3.06,565.8,1184.0,3,3,0,1610.52,17.0,1,0,5.0
3523,2025-08-15,Los Angeles,Southwest,Air,Carrier C,9.32,896.1,1034.0,2,2,0,4155.19,12.3,1,0,5.0
3524,2025-11-30,Seattle,Southwest,Sea,Carrier D,1.18,257.7,941.7,3,5,2,327.18,9.8,0,0,4.42
3525,2025-07-07,Dallas,Southeast,Sea,Carrier D,2.05,216.5,909.9,4,4,0,281.13,4.5,1,0,4.79
3526,2025-02-02,Dallas,Midwest,Air,Carrier A,1.52,175.6,555.8,1,1,0,2169.14,12.9,1,0,5.0
3527,2025-11-21,Seattle,Southeast,Air,Carrier A,0.91,148.7,579.1,1,3,2,2391.41,7.3,0,0,4.45
3528,2025-05-14,Newark,Southeast,Road,Carrier A,0.76,86.6,636.9,2,2,0,806.64,12.6,1,0,4.66
3529,2025-01-09,Los Angeles,Northeast,Air,Carrier A,2.89,355.0,902.1,1,1,0,3581.62,14.5,1,0,5.0
3530,2025-10-20,Newark,West,Rail,Carrier D,0.3,26.9,1388.6,3,2,-1,831.22,8.0,1,0,5.0
3531,2025-02-01,Atlanta,Midwest,Road,Carrier A,1.87,400.2,392.9,2,2,0,554.79,15.5,1,0,4.37
3532,2025-07-11,Seattle,International,Sea,Carrier C,3.24,344.5,6366.3,19,16,-3,1751.85,5.7,1,0,4.73
3533,2025-07-27,Seattle,Southeast,Road,Carrier D,4.41,513.3,1347.2,3,1,-2,1844.42,17.2,1,0,5.0
3534,2025-10-16,Dallas,West,Road,Carrier B,1.38,136.5,1246.2,3,4,1,1518.6,8.6,0,1,2.92
3535,2025-10-02,Los Angeles,Southwest,Road,Carrier C,3.85,675.9,1363.9,3,3,0,1714.43,7.7,1,0,4.86
3536,2025-12-01,Dallas,Southwest,Road,Carrier A,3.45,523.4,1180.0,2,4,2,1733.55,12.5,0,0,3.65
3537,2025-06-26,Newark,West,Road,Carrier B,3.21,514.9,1337.3,3,2,-1,1731.81,12.1,1,0,5.0
3538,2025-03-01,Seattle,Northeast,Rail,Carrier D,1.64,352.4,918.1,2,2,0,609.01,11.3,1,0,5.0
3539,2025-04-01,Newark,Northeast,Sea,Carrier B,1.82,307.8,764.8,4,3,-1,250.76,7.2,1,0,4.63
3540,2025-07-06,Atlanta,Midwest,Air,Carrier A,2.38,212.9,614.7,2,3,1,2399.07,12.3,0,0,4.76
3541,2025-10-01,Newark,Northeast,Sea,Carrier B,4.87,883.1,935.4,4,4,0,397.48,13.2,1,0,4.96
3542,2025-09-02,Dallas,West,Rail,Carrier C,1.42,175.3,1678.2,4,5,1,1038.84,9.0,0,0,4.44
3543,2025-06-01,Newark,Southeast,Rail,Carrier C,5.32,594.1,967.5,3,3,0,696.78,8.6,1,0,5.0
3544,2025-09-11,Newark,Northeast,Sea,Carrier C,3.79,772.0,530.0,2,6,4,235.45,3.3,0,0,3.53
3545,2025-12-13,Seattle,Southeast,Road,Carrier B,5.78,993.6,1121.7,3,5,2,1746.48,13.8,0,0,4.19
3546,2025-11-29,Atlanta,Northeast,Sea,Carrier C,0.71,69.3,807.6,4,8,4,264.89,9.5,0,0,3.37
3547,2025-03-03,Los Angeles,Midwest,Road,Carrier D,1.75,349.5,518.7,1,1,0,670.87,9.2,1,0,5.0
3548,2025-07-01,Los Angeles,Southwest,Road,Carrier B,5.06,638.3,1126.0,3,3,0,1528.24,13.5,1,0,5.0
3549,2025-03-12,Atlanta,Midwest,Road,Carrier A,3.27,282.4,533.7,2,3,1,670.5,3.1,0,0,4.06
3550,2025-08-26,Los Angeles,International,Sea,Carrier D,1.62,174.4,6290.8,19,20,1,1878.71,17.0,0,0,4.84
3551,2025-03-02,Newark,Southeast,Road,Carrier D,4.77,684.9,994.1,3,4,1,1277.36,6.5,0,0,4.58
3552,2025-02-04,Seattle,Midwest,Road,Carrier D,3.17,561.5,271.1,2,3,1,409.99,9.7,0,0,4.68
3553,2025-11-26,Atlanta,International,Sea,Carrier B,3.43,306.1,8078.2,24,24,0,2757.21,18.0,1,0,4.96
3554,2025-01-16,Los Angeles,Northeast,Road,Carrier B,2.53,297.8,810.9,2,3,1,1024.17,8.4,0,0,4.59
3555,2025-02-03,Atlanta,Northeast,Road,Carrier B,2.07,267.3,796.6,2,1,-1,1081.86,17.5,1,0,4.68
3556,2025-04-26,Los Angeles,West,Road,Carrier D,3.64,726.0,1198.6,3,4,1,1606.76,14.0,0,0,4.88
3557,2025-07-07,Seattle,Southeast,Sea,Carrier A,0.25,26.4,1163.2,4,3,-1,325.18,9.9,1,0,5.0
3558,2025-01-21,Los Angeles,Northeast,Road,Carrier C,2.64,354.2,844.5,2,1,-1,1126.31,14.2,1,0,5.0
3559,2025-04-05,Dallas,Midwest,Air,Carrier C,6.8,1064.5,475.1,1,1,0,1871.58,5.7,1,0,5.0
3560,2025-03-27,Newark,International,Sea,Carrier B,1.98,254.9,6325.6,19,26,7,1677.38,3.3,0,0,2.39
3561,2025-10-12,Seattle,Northeast,Air,Carrier D,1.6,140.4,363.7,2,3,1,1489.49,17.5,0,0,4.84
3562,2025-05-05,Chicago,Midwest,Road,Carrier D,1.97,252.0,501.2,2,3,1,687.28,15.8,0,0,5.0
3563,2025-04-04,Los Angeles,Southeast,Rail,Carrier C,1.3,278.6,850.6,3,5,2,546.93,9.1,0,0,4.58
3564,2025-09-08,Seattle,Southeast,Air,Carrier D,3.53,621.8,961.3,1,1,0,3811.88,13.7,1,0,5.0
3565,2025-03-31,Los Angeles,Northeast,Air,Carrier A,1.64,188.2,961.6,2,1,-1,3749.44,13.5,1,0,4.24
3566,2025-04-18,Chicago,Southwest,Road,Carrier A,2.14,188.6,1169.8,2,1,-1,1428.0,7.5,1,0,5.0
3567,2025-08-22,Chicago,Northeast,Road,Carrier A,4.86,958.7,817.8,3,4,1,1185.6,16.2,0,0,4.05
3568,2025-06-26,Seattle,International,Sea,Carrier A,3.95,408.2,3094.4,10,9,-1,965.03,13.1,1,0,4.48
3569,2025-06-24,Dallas,Northeast,Air,Carrier C,3.82,377.8,1160.1,1,2,1,4325.96,7.6,0,1,2.68
3570,2025-07-29,Newark,Southwest,Road,Carrier A,2.36,261.8,899.3,2,2,0,1108.3,6.8,1,0,4.85
3571,2025-12-13,Chicago,West,Road,Carrier B,5.29,655.4,1081.8,3,5,2,1608.62,10.3,0,0,4.29
3572,2025-10-11,Newark,Northeast,Road,Carrier B,0.75,101.4,754.0,2,2,0,914.29,8.1,1,0,4.1
3573,2025-02-09,Newark,West,Road,Carrier D,2.25,237.7,1205.8,3,3,0,1455.71,6.1,1,0,4.96
3574,2025-12-14,Chicago,West,Road,Carrier A,2.64,541.4,2388.3,5,7,2,3511.85,16.4,0,0,3.87
3575,2025-05-05,Chicago,Midwest,Air,Carrier C,5.73,961.5,595.7,1,1,0,2351.55,8.9,1,0,4.65
3576,2025-06-06,Chicago,International,Sea,Carrier A,2.68,492.0,3189.9,10,13,3,914.02,6.0,0,0,4.07
3577,2025-08-08,Seattle,West,Road,Carrier B,4.33,943.5,964.3,2,2,0,1345.33,14.7,1,0,4.57
3578,2025-05-26,Atlanta,Southeast,Sea,Carrier C,5.89,746.3,877.4,4,3,-1,358.07,3.8,1,0,4.95
3579,2025-12-16,Newark,Southeast,Road,Carrier B,2.52,501.1,1121.6,3,3,0,1526.27,5.1,1,0,5.0
3580,2025-10-11,Atlanta,Northeast,Rail,Carrier D,2.04,203.0,771.2,3,4,1,504.42,8.5,0,0,4.58
3581,2025-10-11,Dallas,Northeast,Road,Carrier C,1.74,308.1,849.7,2,1,-1,1061.12,8.7,1,0,5.0
3582,2025-01-03,Chicago,Northeast,Road,Carrier B,2.23,400.2,830.7,3,2,-1,996.27,3.0,1,0,5.0
3583,2025-11-08,Dallas,International,Rail,Carrier B,5.25,675.8,6377.3,14,13,-1,4480.11,10.5,1,0,5.0
3584,2025-11-07,Seattle,Southeast,Road,Carrier C,3.52,554.5,546.0,2,1,-1,843.69,10.6,1,0,4.8
3585,2025-04-15,Atlanta,West,Road,Carrier C,1.6,265.9,1509.5,3,3,0,1974.46,16.3,1,0,4.71
3586,2025-01-24,Newark,Southwest,Road,Carrier A,3.48,606.1,1110.7,2,2,0,1413.84,8.4,1,0,4.93
3587,2025-02-14,Newark,Midwest,Road,Carrier B,1.92,204.4,519.3,2,2,0,657.9,7.8,1,0,4.36
3588,2025-12-13,Los Angeles,Northeast,Air,Carrier B,0.35,31.8,621.2,2,3,1,2662.6,12.2,0,0,4.3
3589,2025-04-21,Seattle,Midwest,Road,Carrier B,4.49,906.6,522.0,2,1,-1,743.2,8.2,1,0,5.0
3590,2025-04-02,Los Angeles,International,Sea,Carrier D,3.24,306.7,6782.4,21,22,1,2023.39,15.0,0,0,4.95
3591,2025-03-23,Newark,Southeast,Road,Carrier B,2.62,227.6,788.6,2,2,0,976.05,6.3,1,0,5.0
3592,2025-08-11,Atlanta,Midwest,Road,Carrier A,4.34,720.3,344.3,1,2,1,549.41,14.5,0,0,4.43
3593,2025-12-05,Chicago,Northeast,Road,Carrier B,6.57,1333.2,716.0,2,3,1,1165.39,9.2,0,0,4.04
3594,2025-09-07,Newark,Southwest,Road,Carrier D,3.38,553.0,890.1,2,2,0,1169.55,10.6,1,0,4.95
3595,2025-09-18,Chicago,West,Road,Carrier B,1.39,134.2,667.4,2,2,0,889.67,16.8,1,0,4.91
3596,2025-06-22,Newark,Northeast,Rail,Carrier B,4.14,489.7,556.0,2,4,2,440.61,12.3,0,0,4.06
3597,2025-05-25,Chicago,West,Sea,Carrier A,3.4,580.1,1501.3,6,1,-5,476.7,4.7,1,0,5.0
3598,2025-10-08,Chicago,West,Rail,Carrier C,1.35,280.7,1403.2,4,5,1,903.54,12.1,0,0,4.15
3599,2025-06-02,Chicago,Southeast,Road,Carrier D,1.5,194.9,1196.9,3,4,1,1544.38,14.5,0,0,4.69
3600,2025-02-07,Chicago,Southeast,Road,Carrier D,2.93,616.1,842.4,2,2,0,1081.45,8.0,1,0,4.78
3601,2025-05-05,Seattle,Midwest,Road,Carrier B,1.35,238.5,501.8,2,1,-1,651.88,11.6,1,0,5.0
3602,2025-09-26,Newark,Southeast,Sea,Carrier A,2.78,254.9,906.9,4,4,0,312.95,11.3,1,0,5.0
3603,2025-03-15,Atlanta,International,Sea,Carrier A,0.76,164.9,3381.6,10,3,-7,897.95,3.8,1,0,5.0
3604,2025-01-22,Dallas,Southwest,Road,Carrier C,1.78,285.7,1245.7,2,1,-1,1505.83,6.7,1,0,4.92
3605,2025-01-28,Atlanta,Southwest,Road,Carrier A,4.05,661.8,1073.2,2,1,-1,1357.26,6.5,1,0,5.0
3606,2025-03-05,Seattle,Northeast,Road,Carrier A,2.88,469.6,893.2,3,2,-1,1228.61,17.1,1,0,4.8
3607,2025-01-10,Los Angeles,Northeast,Rail,Carrier A,2.21,450.4,637.0,3,1,-2,472.3,16.3,1,0,4.64
3608,2025-10-26,Chicago,Midwest,Road,Carrier A,1.29,275.1,755.2,2,3,1,975.32,12.9,0,0,3.99
3609,2025-06-01,Los Angeles,Southwest,Road,Carrier B,6.3,1142.5,440.9,2,3,1,749.19,17.7,0,0,5.0
3610,2025-04-16,Los Angeles,International,Rail,Carrier A,2.29,275.4,3116.2,7,9,2,2035.17,15.5,0,0,4.29
3611,2025-04-12,Newark,Southwest,Sea,Carrier B,1.9,387.2,1250.1,5,11,6,381.71,5.9,0,0,3.11
3612,2025-05-23,Los Angeles,Southeast,Road,Carrier A,4.16,694.5,642.3,2,1,-1,888.0,10.5,1,0,4.97
3613,2025-12-12,Dallas,Northeast,Air,Carrier A,1.51,295.4,760.7,1,3,2,3458.9,17.7,0,0,4.92
3614,2025-07-28,Atlanta,Southeast,Road,Carrier B,2.31,326.0,566.1,2,3,1,741.02,10.0,0,0,4.84
3615,2025-11-22,Atlanta,International,Sea,Carrier B,2.34,397.1,4930.7,15,16,1,1535.86,6.5,0,0,4.43
3616,2025-04-15,Los Angeles,West,Road,Carrier A,0.76,138.6,1961.5,4,4,0,2458.92,13.0,1,0,4.99
3617,2025-04-22,Seattle,International,Air,Carrier B,2.05,365.4,4026.5,2,3,1,15456.59,12.5,0,0,4.76
3618,2025-11-21,Dallas,International,Rail,Carrier A,1.08,112.9,5918.3,13,14,1,4169.23,13.6,0,0,4.73
3619,2025-03-24,Los Angeles,Midwest,Air,Carrier A,3.97,727.0,369.3,1,1,0,1555.57,15.1,1,0,4.9
3620,2025-08-04,Newark,Southeast,Road,Carrier D,1.65,349.5,1150.6,3,2,-1,1502.73,14.9,1,0,4.96
3621,2025-01-13,Atlanta,Southeast,Road,Carrier B,2.92,536.0,688.9,2,1,-1,959.21,15.8,1,0,5.0
3622,2025-09-28,Dallas,Northeast,Road,Carrier B,4.17,504.8,909.9,3,4,1,1170.43,7.5,0,0,5.0
3623,2025-07-18,Seattle,Northeast,Rail,Carrier B,5.87,498.5,592.9,2,1,-1,475.56,8.3,1,0,4.68
3624,2025-12-28,Los Angeles,Northeast,Air,Carrier B,4.87,442.1,704.6,1,1,0,3065.72,9.9,1,0,4.52
3625,2025-11-02,Chicago,Northeast,Sea,Carrier D,6.41,927.7,760.8,3,1,-2,408.04,9.5,1,0,4.34
3626,2025-05-01,Seattle,West,Road,Carrier A,0.44,82.3,1071.5,3,2,-1,1321.42,11.1,1,0,4.33
3627,2025-06-21,Dallas,International,Sea,Carrier B,2.52,477.6,3422.7,11,13,2,1017.27,10.9,0,0,4.67
3628,2025-03-10,Dallas,Midwest,Rail,Carrier B,5.47,905.5,516.6,2,2,0,465.8,13.2,1,0,4.58
3629,2025-11-09,Newark,Midwest,Road,Carrier B,6.41,1092.0,297.7,1,2,1,614.42,14.7,0,0,4.64
3630,2025-10-08,Seattle,International,Air,Carrier B,1.37,280.8,4763.6,2,4,2,18746.45,15.5,0,0,4.04
3631,2025-05-01,Seattle,Northeast,Road,Carrier A,1.72,235.3,772.2,2,3,1,971.24,9.5,0,0,4.08
3632,2025-02-20,Newark,Northeast,Road,Carrier A,2.89,548.7,986.0,2,2,0,1251.33,8.3,1,0,5.0
3633,2025-12-03,Dallas,Northeast,Road,Carrier C,3.17,452.9,703.2,2,4,2,1062.21,12.4,0,0,3.91
3634,2025-09-05,Dallas,Southeast,Road,Carrier A,2.52,204.8,713.8,2,3,1,941.5,13.0,0,0,4.22
3635,2025-09-16,Seattle,International,Rail,Carrier C,5.05,927.0,8848.7,19,19,0,5607.44,12.4,1,0,4.88
3636,2025-10-21,Dallas,West,Sea,Carrier C,1.19,203.0,1270.3,5,1,-4,384.54,11.3,1,0,4.47
3637,2025-02-21,Dallas,Southeast,Air,Carrier A,10.0,1138.6,1344.8,1,1,0,5085.22,6.4,1,0,4.69
3638,2025-09-30,Newark,Southwest,Road,Carrier D,1.59,289.7,828.5,2,4,2,1094.97,15.3,0,0,4.38
3639,2025-05-25,Dallas,International,Air,Carrier A,0.94,75.6,6455.1,3,2,-1,25589.58,16.5,1,0,5.0
3640,2025-10-30,Los Angeles,Northeast,Road,Carrier B,5.05,783.4,1012.7,2,1,-1,1403.38,14.2,1,0,5.0
3641,2025-02-25,Newark,International,Sea,Carrier B,1.83,327.8,6064.1,18,17,-1,1717.39,10.1,1,0,5.0
3642,2025-01-07,Newark,Southeast,Air,Carrier B,2.27,485.5,885.4,2,2,0,3458.46,12.7,1,0,4.46
3643,2025-10-24,Newark,Southeast,Air,Carrier B,3.61,633.7,1141.4,1,2,1,4093.45,3.2,0,0,4.34
3644,2025-03-14,Dallas,Southeast,Air,Carrier D,2.16,216.8,765.9,1,2,1,3068.09,15.9,0,0,4.67
3645,2025-01-07,Newark,Midwest,Road,Carrier C,2.99,616.6,449.4,2,2,0,645.23,13.2,1,0,5.0
3646,2025-01-24,Chicago,Northeast,Road,Carrier B,7.46,1343.1,1075.0,3,3,0,1436.4,5.5,1,0,5.0
3647,2025-01-12,Chicago,Northeast,Road,Carrier B,0.98,166.0,1152.0,3,4,1,1420.55,10.1,0,0,4.33
3648,2025-05-20,Seattle,Southeast,Sea,Carrier A,1.05,151.3,1051.3,4,7,3,296.47,3.6,0,0,3.92
3649,2025-03-07,Seattle,Southeast,Road,Carrier B,1.38,186.7,831.7,3,3,0,1057.29,11.9,1,0,5.0
3650,2025-03-11,Atlanta,Northeast,Air,Carrier B,5.68,1193.2,783.4,1,1,0,3193.36,13.7,1,0,5.0
3651,2025-02-17,Atlanta,Midwest,Sea,Carrier A,1.3,214.8,464.9,2,2,0,154.89,5.7,1,0,5.0
3652,2025-04-19,Atlanta,Southwest,Rail,Carrier B,2.0,340.9,960.9,3,3,0,655.56,13.9,1,0,4.33
3653,2025-09-03,Dallas,International,Sea,Carrier A,3.47,577.3,9951.5,29,28,-1,2725.54,6.1,1,0,4.89
3654,2025-07-05,Los Angeles,West,Road,Carrier B,4.08,889.0,1286.7,3,3,0,1762.81,15.9,1,0,4.83
3655,2025-08-19,Newark,Midwest,Road,Carrier A,0.26,35.5,364.4,1,1,0,478.11,17.6,1,0,4.94
3656,2025-04-24,Seattle,Midwest,Sea,Carrier A,2.97,493.1,507.9,3,3,0,203.06,3.5,1,0,5.0
3657,2025-03-15,Atlanta,Southeast,Road,Carrier D,2.04,412.7,588.3,2,2,0,759.76,8.8,1,0,5.0
3658,2025-02-28,Newark,Northeast,Road,Carrier D,2.7,505.5,937.9,2,2,0,1201.77,9.5,1,0,4.51
3659,2025-06-26,Atlanta,Southwest,Road,Carrier A,1.59,164.9,810.1,3,4,1,957.33,3.7,0,0,4.93
3660,2025-05-04,Atlanta,Midwest,Sea,Carrier B,5.06,608.1,680.7,3,1,-2,319.97,15.7,1,0,5.0
3661,2025-08-16,Newark,West,Road,Carrier D,5.35,931.8,1965.9,4,4,0,2628.08,14.8,1,1,3.22
3662,2025-11-11,Newark,International,Rail,Carrier A,8.13,1511.1,8505.6,19,19,0,6094.02,11.6,1,0,4.86
3663,2025-08-01,Atlanta,Southeast,Rail,Carrier C,2.37,226.1,981.6,3,3,0,639.02,8.9,1,0,5.0
3664,2025-11-26,Los Angeles,International,Rail,Carrier A,5.52,456.7,4607.2,10,10,0,3198.82,8.2,1,0,5.0
3665,2025-10-27,Seattle,West,Road,Carrier D,1.6,191.5,1240.3,3,3,0,1509.72,8.0,1,0,5.0
3666,2025-11-26,Los Angeles,Northeast,Road,Carrier D,1.75,234.5,804.6,2,4,2,1206.54,16.7,0,0,4.07
3667,2025-11-06,Chicago,West,Sea,Carrier B,2.68,328.4,999.5,4,4,0,385.17,12.2,1,0,4.53
3668,2025-03-05,Atlanta,Midwest,Rail,Carrier A,3.7,468.3,552.7,2,5,3,401.24,4.8,0,0,3.31
3669,2025-12-12,Newark,Southwest,Road,Carrier C,1.06,134.5,966.3,3,5,2,1342.23,10.4,0,0,3.77
3670,2025-04-02,Newark,West,Sea,Carrier B,6.52,879.0,1616.5,6,10,4,586.29,7.4,0,0,3.2
3671,2025-06-20,Atlanta,Midwest,Air,Carrier B,2.46,509.0,286.0,1,1,0,1162.23,12.3,1,0,4.71
3672,2025-04-22,Los Angeles,West,Road,Carrier A,3.85,419.9,1486.2,3,6,3,1830.18,6.8,0,0,3.44
3673,2025-11-04,Seattle,Midwest,Road,Carrier B,1.45,285.2,555.5,2,4,2,794.92,9.7,0,0,3.97
3674,2025-08-31,Chicago,Midwest,Air,Carrier A,0.58,59.5,473.2,1,1,0,1687.11,4.1,1,0,5.0
3675,2025-04-11,Newark,Midwest,Air,Carrier A,6.82,1178.3,784.1,1,1,0,3322.11,17.5,1,0,5.0
3676,2025-10-03,Dallas,Northeast,Road,Carrier A,2.05,440.5,388.4,1,1,0,498.64,3.9,1,0,5.0
3677,2025-03-22,Dallas,Southwest,Road,Carrier C,5.05,621.5,904.6,2,3,1,1169.04,6.1,0,0,4.84
3678,2025-04-21,Los Angeles,Northeast,Road,Carrier C,9.16,1592.2,635.1,2,3,1,1006.28,9.9,0,0,4.73
3679,2025-05-03,Chicago,Southwest,Air,Carrier B,6.69,1070.7,1003.9,1,1,0,3834.65,7.5,1,0,5.0
3680,2025-06-17,Chicago,West,Air,Carrier B,4.13,854.1,1629.3,2,3,1,6293.5,11.5,0,0,4.98
3681,2025-09-20,Chicago,West,Road,Carrier C,4.93,397.1,1729.3,3,3,0,2119.89,6.2,1,0,4.24
3682,2025-02-09,Seattle,Northeast,Rail,Carrier B,1.99,349.6,1198.6,3,1,-2,831.71,17.7,1,0,5.0
3683,2025-01-27,Chicago,Midwest,Sea,Carrier B,2.25,201.7,472.3,2,1,-1,187.71,15.9,1,0,4.79
3684,2025-11-28,Newark,Southeast,Rail,Carrier C,2.22,363.4,644.1,2,5,3,496.15,9.2,0,0,4.03
3685,2025-06-18,Newark,Southeast,Air,Carrier B,5.75,1046.4,970.1,1,1,0,4021.11,17.0,1,0,4.62
3686,2025-05-15,Newark,Southwest,Sea,Carrier A,0.77,84.9,521.0,3,2,-1,171.95,17.7,1,0,5.0
3687,2025-01-13,Seattle,Southwest,Road,Carrier A,3.04,569.7,1422.5,3,4,1,1742.03,6.3,0,0,4.57
3688,2025-10-30,Newark,Southwest,Road,Carrier C,2.95,620.4,1056.1,3,3,0,1327.16,7.3,1,0,4.69
3689,2025-05-03,Chicago,Southeast,Road,Carrier D,0.4,54.8,1036.3,3,3,0,1335.83,16.3,1,0,5.0
3690,2025-05-25,Chicago,Northeast,Rail,Carrier B,3.1,488.6,617.5,2,4,2,423.25,3.1,0,0,3.66
3691,2025-01-14,Seattle,West,Rail,Carrier D,9.94,1430.1,1549.6,4,4,0,1187.65,10.7,1,0,4.26
3692,2025-05-15,Los Angeles,Southeast,Rail,Carrier D,0.92,107.1,758.5,2,1,-1,499.21,14.4,1,0,4.52
3693,2025-06-21,Seattle,Southeast,Air,Carrier D,2.28,199.8,476.9,1,1,0,1817.08,9.1,1,0,5.0
3694,2025-11-29,Newark,Midwest,Road,Carrier A,1.78,388.9,462.3,2,3,1,714.44,15.0,0,0,4.44
3695,2025-01-09,Newark,Southeast,Rail,Carrier C,5.43,520.7,1086.7,3,1,-2,782.75,11.0,1,0,5.0
3696,2025-12-26,Los Angeles,Northeast,Rail,Carrier B,2.77,532.5,752.3,2,2,0,592.7,9.8,1,0,4.94
3697,2025-10-03,Los Angeles,Midwest,Sea,Carrier C,4.03,405.1,626.1,3,7,4,265.68,12.0,0,0,3.3
3698,2025-11-21,Los Angeles,West,Rail,Carrier D,2.52,367.9,1002.4,3,2,-1,721.82,6.1,1,0,5.0
3699,2025-10-11,Atlanta,West,Road,Carrier C,0.93,167.7,2241.1,5,5,0,2850.68,14.6,1,0,4.26
3700,2025-01-26,Atlanta,West,Road,Carrier A,2.24,427.2,1768.2,3,4,1,2153.98,7.7,0,0,4.75
3701,2025-01-31,Atlanta,International,Air,Carrier B,0.62,87.3,5465.5,2,2,0,20567.6,10.6,1,0,4.79
3702,2025-08-25,Los Angeles,Southeast,Road,Carrier B,0.67,59.5,648.1,2,1,-1,820.33,13.0,1,0,4.81
3703,2025-08-24,Newark,West,Rail,Carrier C,8.48,1051.3,1075.8,3,3,0,866.38,12.3,1,0,4.43
3704,2025-01-24,Atlanta,Southwest,Sea,Carrier D,6.01,1206.3,1083.8,4,4,0,483.45,14.7,1,1,3.6
3705,2025-12-09,Atlanta,Southeast,Road,Carrier B,4.06,882.1,1127.6,2,1,-1,1576.07,4.6,1,0,5.0
3706,2025-03-28,Atlanta,Northeast,Rail,Carrier D,4.49,381.3,755.8,3,3,0,569.79,13.5,1,0,5.0
3707,2025-09-26,Newark,West,Road,Carrier C,13.15,1881.6,603.3,2,1,-1,1051.45,10.1,1,0,4.95
3708,2025-10-07,Los Angeles,West,Air,Carrier C,1.44,292.1,1239.7,2,2,0,4625.3,8.8,1,0,5.0
3709,2025-09-07,Newark,Northeast,Road,Carrier A,6.48,981.7,930.1,2,1,-1,1347.14,15.2,1,0,5.0
3710,2025-08-25,Dallas,West,Air,Carrier D,9.63,1925.4,1374.9,2,2,0,5239.66,6.6,1,0,5.0
3711,2025-08-03,Newark,Midwest,Road,Carrier C,2.05,211.5,595.6,2,1,-1,772.32,10.9,1,0,4.62
3712,2025-06-06,Chicago,Midwest,Air,Carrier B,1.85,375.6,236.2,1,1,0,927.9,9.2,1,0,5.0
3713,2025-08-02,Los Angeles,Northeast,Air,Carrier D,5.2,1090.9,212.4,1,1,0,988.99,15.7,1,0,4.39
3714,2025-03-07,Chicago,Midwest,Sea,Carrier A,10.88,1303.5,247.5,1,1,0,305.12,5.1,1,0,5.0
3715,2025-03-05,Los Angeles,Southeast,Air,Carrier A,2.83,272.6,980.8,1,2,1,3668.64,8.2,0,0,4.71
3716,2025-02-21,Atlanta,Southeast,Sea,Carrier A,3.85,732.9,928.1,4,5,1,341.49,4.6,0,0,3.73
3717,2025-10-18,Chicago,Southeast,Road,Carrier C,0.69,120.0,824.8,2,2,0,1087.16,17.7,1,0,5.0
3718,2025-09-25,Newark,Southeast,Road,Carrier B,3.69,410.7,1176.2,3,4,1,1601.21,16.9,0,0,4.61
3719,2025-08-26,Seattle,Northeast,Road,Carrier A,9.19,1581.3,650.1,1,2,1,1009.37,8.3,0,0,4.7
3720,2025-03-10,Dallas,Southeast,Road,Carrier A,1.07,172.3,1194.0,2,3,1,1490.53,11.4,0,0,4.18
3721,2025-07-25,Newark,West,Rail,Carrier A,2.42,466.2,969.1,3,5,2,620.48,4.7,0,0,4.35
3722,2025-03-30,Seattle,Midwest,Sea,Carrier D,1.55,336.5,399.4,2,4,2,158.48,13.2,0,0,3.93
3723,2025-12-12,Seattle,Southeast,Air,Carrier A,5.44,855.2,772.1,2,3,1,3347.48,8.7,0,0,4.24
3724,2025-03-25,Dallas,Northeast,Road,Carrier C,9.3,764.4,709.9,2,1,-1,1024.75,6.9,1,0,4.46
3725,2025-07-21,Dallas,Midwest,Road,Carrier D,7.95,1656.2,546.6,2,2,0,875.69,9.0,1,0,5.0
3726,2025-09-22,Chicago,International,Sea,Carrier C,4.51,883.4,7714.2,23,25,2,2236.31,9.6,0,0,4.81
3727,2025-02-06,Chicago,West,Rail,Carrier B,2.33,475.1,1513.7,4,3,-1,929.49,4.3,1,0,5.0
3728,2025-10-04,Seattle,West,Rail,Carrier B,1.41,255.1,1145.4,3,4,1,778.14,17.2,0,0,4.37
3729,2025-03-18,Dallas,Southeast,Sea,Carrier B,8.77,1336.7,1080.6,4,3,-1,534.11,14.0,1,0,5.0
3730,2025-08-09,Chicago,International,Sea,Carrier C,4.75,816.7,7109.6,22,18,-4,2172.96,15.0,1,0,4.61
3731,2025-01-15,Seattle,Northeast,Road,Carrier B,2.01,259.3,735.8,2,3,1,890.8,4.5,0,1,2.57
3732,2025-01-17,Dallas,Northeast,Air,Carrier C,3.47,282.8,1046.0,1,1,0,3984.97,10.0,1,0,5.0
3733,2025-12-08,Newark,Southeast,Road,Carrier D,4.56,451.6,962.9,2,3,1,1441.43,11.9,0,0,5.0
3734,2025-06-07,Atlanta,Northeast,Road,Carrier B,6.21,821.8,1059.5,3,2,-1,1352.93,4.1,1,0,5.0
3735,2025-03-29,Newark,Southwest,Rail,Carrier A,4.5,887.1,944.0,3,4,1,732.7,16.1,0,0,4.84
3736,2025-06-10,Seattle,Southeast,Road,Carrier B,8.0,1708.9,752.2,2,1,-1,1165.13,12.8,1,0,4.33
3737,2025-02-03,Dallas,Southwest,Road,Carrier C,2.63,211.1,906.7,3,4,1,1182.48,12.9,0,0,5.0
3738,2025-06-19,Atlanta,West,Road,Carrier C,4.61,906.7,1181.8,3,2,-1,1511.93,6.9,1,0,4.96
3739,2025-01-06,Atlanta,Southeast,Rail,Carrier A,10.87,1469.1,1227.6,3,2,-1,940.86,3.2,1,0,5.0
3740,2025-06-03,Seattle,West,Sea,Carrier A,5.08,406.5,1347.1,5,6,1,457.04,5.5,0,0,4.71
3741,2025-02-25,Dallas,Midwest,Air,Carrier A,2.82,367.5,326.2,1,1,0,1221.07,4.4,1,0,4.97
3742,2025-09-05,Atlanta,Southeast,Road,Carrier B,2.56,312.1,961.9,2,2,0,1286.6,15.7,1,0,5.0
3743,2025-04-19,Seattle,Southeast,Road,Carrier A,13.45,1544.8,1140.2,3,4,1,1743.33,13.7,0,0,3.94
3744,2025-07-08,Chicago,West,Road,Carrier C,6.73,875.4,1488.3,3,3,0,1835.26,3.0,1,0,4.34
3745,2025-11-17,Newark,Midwest,Road,Carrier B,7.15,1423.0,558.8,2,3,1,914.91,3.0,0,0,5.0
3746,2025-01-18,Seattle,Midwest,Road,Carrier C,0.52,79.8,631.7,2,1,-1,748.36,5.9,1,0,5.0
3747,2025-10-15,Los Angeles,Southeast,Sea,Carrier A,5.03,926.8,453.1,2,5,3,255.83,8.8,0,0,3.63
3748,2025-09-02,Los Angeles,Southeast,Road,Carrier B,9.79,1930.9,1104.6,2,2,0,1544.48,5.9,1,0,5.0
3749,2025-05-29,Newark,International,Sea,Carrier A,5.68,647.1,8100.1,24,26,2,2521.92,17.7,0,1,2.89
3750,2025-01-07,Seattle,Northeast,Air,Carrier B,6.15,742.6,957.6,1,1,0,3980.99,17.6,1,0,5.0
3751,2025-01-01,Los Angeles,International,Sea,Carrier A,0.36,67.7,6292.7,19,23,4,1708.46,8.0,0,0,3.54
3752,2025-11-14,Atlanta,Southeast,Rail,Carrier B,2.83,437.7,821.3,2,3,1,614.98,6.4,0,0,4.48
3753,2025-10-01,Atlanta,Northeast,Road,Carrier C,4.93,518.8,705.5,2,1,-1,984.47,12.4,1,0,5.0
3754,2025-10-29,Seattle,Southeast,Air,Carrier B,10.55,2125.5,1066.3,2,1,-1,4271.26,9.8,1,0,5.0
3755,2025-03-27,Chicago,Southwest,Road,Carrier B,4.39,644.8,892.5,3,3,0,1140.3,5.6,1,0,5.0
3756,2025-12-22,Newark,Southwest,Road,Carrier C,4.36,641.0,1014.6,3,3,0,1515.4,11.5,1,1,3.72
3757,2025-11-04,Newark,Southeast,Rail,Carrier C,3.99,404.2,1000.5,3,3,0,768.86,8.9,1,0,5.0
3758,2025-03-04,Dallas,Midwest,Road,Carrier B,1.92,375.3,731.4,2,1,-1,934.77,9.7,1,0,4.8
3759,2025-03-24,Newark,Northeast,Road,Carrier A,2.14,230.1,834.9,2,1,-1,1131.27,17.6,1,0,4.97
3760,2025-12-12,Dallas,West,Sea,Carrier A,4.92,814.8,1048.3,4,8,4,448.84,6.4,0,0,3.58
3761,2025-10-23,Seattle,International,Rail,Carrier C,1.3,251.1,6921.6,15,17,2,4234.29,10.3,0,0,3.97
3762,2025-11-23,Seattle,Midwest,Road,Carrier B,12.85,2219.1,532.0,1,3,2,1123.07,12.8,0,0,3.87
3763,2025-09-14,Los Angeles,International,Rail,Carrier C,1.66,287.0,6260.0,14,14,0,3934.97,13.0,1,0,5.0
3764,2025-09-23,Chicago,Southwest,Road,Carrier C,6.2,1056.5,607.7,2,1,-1,960.05,17.9,1,0,4.64
3765,2025-10-08,Dallas,Southeast,Rail,Carrier B,6.33,1118.8,411.1,2,5,3,395.08,4.8,0,0,4.17
3766,2025-11-15,Los Angeles,Midwest,Road,Carrier A,3.29,658.6,535.3,2,3,1,857.69,14.1,0,0,4.81
3767,2025-06-22,Dallas,Southeast,Air,Carrier B,4.16,807.3,819.6,1,1,0,3149.56,9.0,1,0,4.65
3768,2025-09-30,Dallas,West,Road,Carrier A,9.71,928.7,2496.4,5,5,0,3052.69,3.9,1,0,4.8
3769,2025-06-11,Los Angeles,West,Road,Carrier B,7.8,884.6,1093.7,3,1,-2,1590.8,16.6,1,0,4.71
3770,2025-10-14,Newark,Southeast,Air,Carrier B,1.99,379.9,822.8,1,1,0,3213.59,12.9,1,0,5.0
3771,2025-07-18,Newark,Southwest,Sea,Carrier A,4.23,802.4,1012.9,4,1,-3,401.02,12.4,1,0,4.73
3772,2025-03-19,Newark,Midwest,Road,Carrier B,3.03,242.8,479.1,2,1,-1,675.8,15.6,1,0,4.78
3773,2025-04-22,Chicago,Midwest,Road,Carrier D,5.1,577.3,582.4,1,1,0,803.4,7.7,1,0,5.0
3774,2025-09-30,Atlanta,Northeast,Sea,Carrier A,2.97,623.2,943.9,3,11,8,358.47,15.0,0,0,1.72
3775,2025-04-14,Dallas,West,Road,Carrier C,5.42,936.3,1243.0,3,3,0,1679.34,12.3,1,0,4.93
3776,2025-11-20,Atlanta,Southeast,Road,Carrier A,2.97,344.4,599.2,2,4,2,893.03,10.6,0,0,4.24
3777,2025-11-21,Chicago,Northeast,Road,Carrier D,2.03,270.4,237.8,1,2,1,363.09,6.1,0,0,4.39
3778,2025-10-21,Atlanta,Northeast,Rail,Carrier C,1.64,139.9,792.3,3,2,-1,523.99,12.1,1,0,4.86
3779,2025-04-16,Dallas,International,Sea,Carrier A,2.26,430.4,6071.0,19,21,2,1815.38,15.4,0,0,3.86
3780,2025-11-23,Seattle,International,Rail,Carrier C,7.09,1519.0,4565.9,11,9,-2,3312.46,9.8,1,0,4.38
3781,2025-04-14,Newark,West,Air,Carrier D,9.09,1019.8,1095.1,2,2,0,4039.61,3.3,1,0,4.84
3782,2025-10-06,Los Angeles,Northeast,Sea,Carrier C,5.55,897.3,564.9,2,5,3,293.24,8.9,0,0,3.16
3783,2025-03-12,Atlanta,Southeast,Rail,Carrier C,2.67,427.6,1021.5,3,3,0,649.38,4.2,1,0,4.6
3784,2025-11-03,Dallas,West,Road,Carrier A,3.81,712.7,1547.7,3,3,0,2364.64,17.6,1,0,5.0
3785,2025-08-03,Seattle,International,Rail,Carrier A,1.31,125.3,4276.9,10,10,0,2768.31,16.4,1,0,4.4
3786,2025-12-20,Dallas,West,Road,Carrier D,0.41,66.1,1303.3,3,4,1,1892.6,17.1,0,0,4.9
3787,2025-04-10,Atlanta,Northeast,Road,Carrier D,3.36,662.8,625.3,2,2,0,794.51,3.0,1,0,4.83
3788,2025-07-20,Dallas,Southeast,Road,Carrier C,2.87,625.6,615.0,2,2,0,822.13,9.5,1,0,5.0
3789,2025-04-12,Los Angeles,Southwest,Road,Carrier D,5.04,1032.6,920.1,2,4,2,1200.88,5.4,0,0,4.45
3790,2025-03-12,Newark,Midwest,Road,Carrier B,2.2,354.6,588.0,2,2,0,805.68,15.5,1,0,5.0
3791,2025-08-05,Dallas,Northeast,Road,Carrier B,2.42,531.0,1004.3,2,1,-1,1304.21,11.7,1,0,5.0
3792,2025-05-05,Los Angeles,Midwest,Road,Carrier C,6.64,572.3,544.1,2,3,1,801.55,10.3,0,0,4.85
3793,2025-01-27,Los Angeles,Midwest,Air,Carrier D,5.66,1105.3,363.4,1,1,0,1419.86,3.2,1,0,4.94
3794,2025-04-08,Newark,Southwest,Road,Carrier B,2.59,523.8,1003.3,2,2,0,1320.53,13.0,1,0,5.0
3795,2025-02-23,Los Angeles,Midwest,Road,Carrier B,1.77,227.4,466.6,1,1,0,619.57,12.4,1,0,4.67
3796,2025-03-25,Newark,Southwest,Air,Carrier A,6.04,1115.6,722.3,1,1,0,2919.73,12.2,1,0,5.0
3797,2025-02-20,Seattle,Southeast,Rail,Carrier A,1.77,383.9,533.7,2,2,0,351.1,3.5,1,0,4.99
3798,2025-07-22,Seattle,International,Sea,Carrier B,0.74,88.8,5441.8,17,16,-1,1581.1,14.9,1,0,5.0
3799,2025-04-07,Seattle,International,Sea,Carrier A,3.94,732.2,6404.5,19,24,5,1766.42,4.1,0,0,3.08
3800,2025-12-07,Dallas,Northeast,Road,Carrier B,3.23,348.7,620.2,2,4,2,975.2,16.4,0,0,4.19
3801,2025-01-24,Dallas,International,Sea,Carrier A,9.54,1530.9,6040.0,18,17,-1,1937.16,12.0,1,0,5.0
3802,2025-04-07,Newark,Southeast,Air,Carrier B,10.26,1595.7,606.5,1,1,0,2481.89,8.1,1,0,5.0
3803,2025-01-29,Atlanta,Northeast,Road,Carrier B,1.82,307.8,840.2,2,4,2,1051.98,8.8,0,0,4.4
3804,2025-09-10,Newark,International,Air,Carrier A,10.16,2111.3,4320.0,2,1,-1,15932.27,6.6,1,0,5.0
3805,2025-12-02,Newark,Northeast,Road,Carrier B,4.77,578.0,1090.2,2,1,-1,1516.65,4.2,1,0,5.0
3806,2025-12-01,Dallas,West,Road,Carrier B,3.3,630.8,1210.4,2,2,0,1836.65,16.1,1,0,5.0
3807,2025-03-28,Dallas,West,Road,Carrier C,0.79,121.7,1178.8,3,2,-1,1526.24,16.1,1,0,4.2
3808,2025-01-24,Dallas,Southeast,Rail,Carrier B,3.04,309.0,701.3,3,3,0,489.61,9.6,1,0,5.0
3809,2025-04-17,Seattle,Southeast,Sea,Carrier A,6.24,707.2,1293.3,5,7,2,493.88,9.2,0,0,4.13
3810,2025-12-17,Atlanta,International,Sea,Carrier B,4.82,707.3,2354.6,7,7,0,832.2,6.7,1,0,5.0
3811,2025-03-31,Atlanta,West,Road,Carrier B,3.99,819.5,1559.1,3,3,0,2128.16,17.2,1,0,4.92
3812,2025-09-07,Atlanta,Northeast,Road,Carrier B,1.9,312.2,822.7,3,3,0,1080.13,13.8,1,0,4.93
3813,2025-02-18,Atlanta,Southwest,Sea,Carrier A,2.92,491.3,1108.4,4,2,-2,375.18,8.6,1,0,5.0
3814,2025-09-07,Atlanta,Southeast,Road,Carrier D,2.38,414.9,1063.5,3,3,0,1265.56,3.2,1,0,4.61
3815,2025-05-16,Seattle,International,Sea,Carrier C,5.51,817.7,4268.1,13,14,1,1354.86,13.8,0,0,4.96
3816,2025-12-23,Newark,International,Sea,Carrier B,3.85,542.2,3715.7,11,14,3,1335.28,17.6,0,0,3.81
3817,2025-01-10,Newark,International,Rail,Carrier B,9.83,1742.5,4588.1,10,10,0,2846.32,3.2,1,0,5.0
3818,2025-12-17,Chicago,Southeast,Road,Carrier A,2.69,222.1,837.5,2,3,1,1281.22,17.6,0,0,5.0
3819,2025-07-23,Chicago,Southwest,Road,Carrier B,7.03,1283.2,1184.5,2,2,0,1602.13,8.8,1,0,5.0
3820,2025-11-04,Chicago,Southwest,Air,Carrier A,1.26,164.1,714.6,1,2,1,2883.79,4.8,0,0,4.72
3821,2025-02-06,Newark,Southeast,Rail,Carrier A,8.98,1486.6,632.9,3,1,-2,599.41,7.6,1,0,4.96
3822,2025-06-03,Atlanta,International,Sea,Carrier C,1.81,304.9,5331.5,16,16,0,1593.95,15.9,1,0,4.95
3823,2025-01-23,Seattle,Northeast,Rail,Carrier B,2.55,374.8,768.6,3,5,2,542.6,13.1,0,0,3.63
3824,2025-04-09,Seattle,Midwest,Road,Carrier A,5.11,624.2,66.4,1,1,0,209.28,15.7,1,0,5.0
3825,2025-07-16,Chicago,Northeast,Road,Carrier D,6.75,1306.0,705.7,2,2,0,1071.97,13.7,1,0,5.0
3826,2025-12-24,Chicago,Northeast,Sea,Carrier B,1.45,169.8,916.2,4,7,3,302.85,4.3,0,0,3.58
3827,2025-04-11,Chicago,Southeast,Road,Carrier A,1.2,258.5,1169.0,3,4,1,1438.05,9.2,0,0,4.17
3828,2025-01-07,Dallas,Northeast,Road,Carrier B,6.83,852.8,1080.1,2,3,1,1439.93,8.0,0,0,4.38
3829,2025-07-12,Dallas,West,Road,Carrier B,5.2,1057.3,1276.6,3,3,0,1617.96,5.4,1,0,5.0
3830,2025-09-30,Chicago,Southeast,Rail,Carrier A,3.35,626.9,704.9,3,2,-1,541.55,15.4,1,0,5.0
3831,2025-10-30,Atlanta,International,Sea,Carrier A,3.5,552.7,7404.6,22,19,-3,2114.8,9.5,1,0,5.0
3832,2025-09-26,Dallas,Northeast,Sea,Carrier C,1.89,254.7,760.2,3,2,-1,268.61,16.2,1,0,4.75
3833,2025-03-27,Seattle,Northeast,Air,Carrier A,4.15,601.3,633.6,1,1,0,2520.55,12.2,1,0,4.81
3834,2025-11-03,Dallas,Northeast,Air,Carrier B,0.74,92.2,612.5,2,2,0,2641.46,12.4,1,0,4.36
3835,2025-08-17,Atlanta,Northeast,Air,Carrier C,3.29,455.2,884.7,1,1,0,3178.65,3.2,1,0,4.6
3836,2025-06-20,Dallas,Southeast,Road,Carrier D,1.12,129.2,918.9,3,1,-2,1199.46,16.0,1,0,5.0
3837,2025-09-21,Dallas,Southeast,Road,Carrier A,4.8,459.5,955.1,3,3,0,1340.37,17.0,1,0,5.0
3838,2025-04-28,Newark,Northeast,Road,Carrier C,0.42,84.7,347.5,2,1,-1,437.62,11.4,1,0,5.0
3839,2025-07-05,Seattle,Southwest,Road,Carrier C,2.4,263.6,819.3,2,3,1,1090.11,14.7,0,0,4.16
3840,2025-04-05,Dallas,Midwest,Air,Carrier B,5.13,531.8,618.6,1,1,0,2423.12,9.8,1,0,4.67
3841,2025-12-14,Dallas,Southeast,Air,Carrier A,4.94,651.1,1072.5,1,2,1,4955.96,17.9,0,0,5.0
3842,2025-11-25,Atlanta,Southwest,Road,Carrier B,0.69,91.6,1012.6,2,3,1,1448.68,14.6,0,0,4.51
3843,2025-12-29,Seattle,Southeast,Air,Carrier D,3.56,581.9,715.0,1,1,0,3271.12,16.2,1,0,3.7
3844,2025-12-09,Los Angeles,Southeast,Road,Carrier D,1.49,282.4,798.6,2,2,0,1207.04,17.8,1,0,4.86
3845,2025-07-26,Atlanta,Midwest,Road,Carrier A,6.39,734.8,558.0,2,3,1,812.91,8.9,0,0,4.88
3846,2025-08-04,Chicago,West,Road,Carrier A,2.44,449.3,1367.3,3,3,0,1702.17,8.9,1,0,5.0
3847,2025-08-24,Atlanta,International,Sea,Carrier C,5.43,970.1,7048.2,21,20,-1,1956.39,3.4,1,0,4.82
3848,2025-09-24,Seattle,International,Sea,Carrier B,1.68,161.0,6837.9,21,19,-2,1808.92,3.8,1,0,4.71
3849,2025-07-30,Newark,Midwest,Air,Carrier A,1.98,196.7,427.7,1,1,0,1587.91,6.3,1,0,5.0
3850,2025-11-16,Los Angeles,West,Sea,Carrier C,3.81,823.4,1399.2,5,4,-1,552.09,10.0,1,0,4.36
3851,2025-02-27,Los Angeles,Southwest,Road,Carrier A,12.2,1263.2,1014.8,3,2,-1,1490.54,9.4,1,0,5.0
3852,2025-03-25,Atlanta,International,Sea,Carrier D,1.06,229.0,7637.6,22,24,2,2130.49,10.0,0,0,4.21
3853,2025-02-12,Seattle,West,Road,Carrier A,4.0,863.5,1048.0,3,2,-1,1448.07,15.3,1,0,5.0
3854,2025-03-04,Los Angeles,Midwest,Road,Carrier D,7.88,730.3,386.4,2,2,0,653.39,12.7,1,0,5.0
3855,2025-01-06,Seattle,Midwest,Road,Carrier D,2.9,504.0,526.1,2,1,-1,681.08,5.2,1,0,5.0
3856,2025-10-23,Chicago,Midwest,Road,Carrier A,1.0,130.6,514.7,2,2,0,621.17,5.7,1,0,4.99
3857,2025-01-25,Newark,Midwest,Road,Carrier C,6.36,856.4,582.6,2,3,1,842.98,8.2,0,0,4.83
3858,2025-12-31,Chicago,Midwest,Sea,Carrier C,3.5,443.7,457.5,2,1,-1,234.75,10.9,1,0,5.0
3859,2025-02-22,Dallas,Midwest,Road,Carrier C,1.15,221.4,668.6,2,1,-1,899.71,17.8,1,0,5.0
3860,2025-06-23,Atlanta,Midwest,Sea,Carrier B,8.23,1322.0,701.6,3,6,3,423.4,16.0,0,0,3.85
3861,2025-07-14,Los Angeles,Northeast,Air,Carrier C,4.09,755.1,627.7,1,1,0,2351.74,5.3,1,0,4.43
3862,2025-06-05,Los Angeles,Southeast,Sea,Carrier C,0.27,53.5,566.9,2,2,0,157.07,5.8,1,0,4.54
3863,2025-06-17,Newark,Northeast,Rail,Carrier B,2.08,324.4,918.7,2,1,-1,612.43,10.8,1,0,5.0
3864,2025-07-11,Seattle,Southwest,Road,Carrier C,2.19,222.3,1087.1,2,2,0,1309.24,5.6,1,0,5.0
3865,2025-06-18,Newark,Northeast,Road,Carrier C,0.98,213.1,572.4,2,2,0,687.03,4.9,1,0,5.0
3866,2025-02-09,Dallas,West,Rail,Carrier B,3.93,408.6,2081.5,5,3,-2,1275.64,4.2,1,0,4.38
3867,2025-10-23,Dallas,Northeast,Air,Carrier C,6.67,782.4,900.7,1,1,0,3396.83,6.1,1,0,5.0
3868,2025-07-10,Dallas,Northeast,Road,Carrier B,2.99,467.0,709.9,2,2,0,966.36,13.8,1,0,5.0
3869,2025-06-15,Atlanta,Southeast,Road,Carrier A,1.79,368.7,1120.0,2,1,-1,1349.97,5.7,1,0,5.0
3870,2025-11-03,Los Angeles,West,Road,Carrier B,2.06,426.0,1565.8,3,5,2,2246.02,13.0,0,0,4.32
3871,2025-06-20,Seattle,Northeast,Road,Carrier A,4.24,754.4,595.9,2,2,0,780.18,3.1,1,0,4.45
3872,2025-12-12,Dallas,Southwest,Rail,Carrier A,3.9,814.0,844.1,2,3,1,654.45,3.7,0,0,4.2
3873,2025-05-17,Los Angeles,Midwest,Road,Carrier B,3.39,510.0,718.4,2,3,1,1014.74,17.1,0,0,4.06
3874,2025-04-02,Los Angeles,West,Rail,Carrier A,6.04,737.2,1047.4,3,4,1,749.27,6.5,0,0,4.8
3875,2025-03-05,Chicago,Southeast,Road,Carrier B,1.15,92.2,1264.8,3,3,0,1634.97,15.7,1,0,4.48
3876,2025-08-04,Atlanta,Midwest,Air,Carrier D,2.06,419.8,503.6,1,1,0,2037.49,15.5,1,0,4.91
3877,2025-12-15,Chicago,Northeast,Road,Carrier A,1.78,280.8,975.2,2,3,1,1414.14,13.4,0,0,4.74
3878,2025-04-30,Los Angeles,Southeast,Road,Carrier B,2.06,182.1,924.8,3,3,0,1177.82,11.4,1,0,5.0
3879,2025-02-28,Seattle,Northeast,Sea,Carrier B,4.92,723.0,1033.0,4,1,-3,381.04,3.5,1,0,4.97
3880,2025-04-01,Chicago,Southeast,Rail,Carrier A,3.99,370.3,1029.2,3,1,-2,724.42,12.4,1,0,4.37
3881,2025-11-17,Los Angeles,Southwest,Road,Carrier A,4.02,395.8,904.6,2,1,-1,1316.14,9.3,1,0,5.0
3882,2025-10-23,Atlanta,Midwest,Road,Carrier A,5.98,1038.1,677.7,2,2,0,971.26,9.5,1,0,5.0
3883,2025-11-04,Seattle,West,Air,Carrier B,3.79,412.9,1484.9,2,3,1,6700.01,16.7,0,0,4.49
3884,2025-04-13,Newark,Northeast,Road,Carrier A,4.74,536.7,939.7,3,3,0,1315.02,16.2,1,0,5.0
3885,2025-07-23,Atlanta,Midwest,Air,Carrier B,4.19,444.5,410.5,1,1,0,1594.81,7.7,1,0,5.0
3886,2025-10-16,Chicago,Northeast,Rail,Carrier A,2.08,173.6,808.3,3,1,-2,504.88,4.2,1,0,5.0
3887,2025-04-09,Atlanta,Southwest,Air,Carrier B,2.92,558.8,1342.0,2,2,0,4801.24,3.6,1,0,5.0
3888,2025-06-14,Dallas,West,Sea,Carrier A,0.67,58.0,1194.9,4,7,3,356.29,14.3,0,0,3.66
3889,2025-05-26,Newark,Southeast,Air,Carrier C,3.69,464.6,1198.5,2,2,0,4552.07,9.6,1,0,4.76
3890,2025-09-05,Seattle,Midwest,Road,Carrier D,3.13,614.8,442.9,2,2,0,608.94,7.8,1,0,5.0
3891,2025-10-02,Atlanta,Southeast,Road,Carrier C,1.36,240.4,671.6,2,3,1,862.91,11.9,0,0,5.0
3892,2025-01-25,Newark,West,Road,Carrier B,0.51,77.0,1777.1,4,4,0,2052.77,4.4,1,0,5.0
3893,2025-07-04,Los Angeles,Northeast,Road,Carrier B,5.85,1283.6,961.6,2,1,-1,1256.88,3.9,1,0,5.0
3894,2025-06-13,Chicago,Southwest,Road,Carrier A,1.71,294.2,673.4,2,1,-1,847.43,8.5,1,0,5.0
3895,2025-01-27,Seattle,Midwest,Air,Carrier B,5.25,660.9,329.5,1,1,0,1449.14,17.6,1,0,4.76
3896,2025-11-26,Los Angeles,Southwest,Road,Carrier D,3.63,476.1,1337.8,3,4,1,1994.48,14.9,0,0,4.67
3897,2025-07-28,Seattle,International,Rail,Carrier C,2.93,389.1,5825.4,12,12,0,3545.15,8.5,1,0,4.81
3898,2025-07-14,Newark,Southwest,Sea,Carrier B,4.08,639.7,940.3,4,7,3,340.15,3.6,0,0,3.69
3899,2025-08-04,Newark,Southwest,Air,Carrier A,2.36,517.0,865.5,1,1,0,3430.64,14.2,1,0,4.4
3900,2025-12-05,Los Angeles,Northeast,Road,Carrier C,3.79,816.3,879.0,3,3,0,1236.52,3.7,1,0,5.0
3901,2025-01-17,Los Angeles,Northeast,Rail,Carrier C,2.05,341.3,577.0,2,4,2,394.69,8.1,0,0,4.46
3902,2025-06-28,Chicago,Midwest,Road,Carrier B,4.24,915.0,574.1,2,2,0,782.4,5.6,1,0,5.0
3903,2025-03-21,Newark,Southeast,Sea,Carrier D,1.92,399.3,949.4,4,4,0,333.89,16.7,1,0,5.0
3904,2025-02-26,Dallas,Southwest,Rail,Carrier A,3.01,293.1,1231.1,3,3,0,793.59,7.7,1,0,5.0
3905,2025-08-25,Seattle,West,Road,Carrier A,2.11,329.9,1467.3,3,2,-1,1831.79,10.2,1,0,4.98
3906,2025-05-23,Newark,Midwest,Air,Carrier A,9.42,1756.4,437.4,1,2,1,1910.26,11.3,0,0,5.0
3907,2025-06-13,Newark,Northeast,Air,Carrier C,2.87,537.5,961.1,1,1,0,3488.0,4.5,1,0,5.0
3908,2025-02-12,Los Angeles,Southwest,Road,Carrier B,1.79,393.1,1108.5,3,4,1,1405.14,11.0,0,0,4.12
3909,2025-03-02,Chicago,Northeast,Road,Carrier A,3.12,561.4,846.5,2,2,0,1070.49,6.4,1,0,4.9
3910,2025-03-24,Los Angeles,International,Rail,Carrier D,5.87,1056.6,5732.1,13,15,2,3744.72,13.7,0,0,4.39
3911,2025-08-27,Los Angeles,Midwest,Road,Carrier B,1.82,221.7,506.7,2,3,1,699.42,17.4,0,0,4.36
3912,2025-04-30,Seattle,Northeast,Rail,Carrier B,5.27,437.0,748.3,2,3,1,557.48,8.8,0,0,3.89
3913,2025-12-11,Chicago,West,Road,Carrier B,3.67,458.5,1274.6,3,5,2,1916.17,15.6,0,0,3.98
3914,2025-01-15,Los Angeles,Northeast,Road,Carrier A,4.18,519.8,965.8,3,4,1,1215.52,5.6,0,0,4.34
3915,2025-02-01,Dallas,International,Sea,Carrier A,5.93,712.3,2885.0,10,12,2,992.19,17.3,0,0,4.74
3916,2025-06-11,Los Angeles,West,Sea,Carrier C,1.05,212.8,1664.3,6,10,4,457.9,3.5,0,0,3.74
3917,2025-06-06,Newark,International,Air,Carrier C,2.13,342.0,8698.0,4,4,0,31103.19,5.0,1,0,5.0
3918,2025-02-16,Chicago,West,Air,Carrier D,2.14,414.3,1487.7,1,1,0,5882.49,15.1,1,0,5.0
3919,2025-11-23,Seattle,Midwest,Rail,Carrier A,1.94,265.4,402.0,2,2,0,334.07,13.2,1,1,3.79
3920,2025-01-11,Seattle,Midwest,Road,Carrier A,2.47,256.3,626.6,1,1,0,867.61,17.4,1,0,5.0
3921,2025-11-26,Newark,International,Sea,Carrier C,7.63,680.1,6280.9,19,24,5,2261.74,17.5,0,1,1.84
3922,2025-01-09,Chicago,Midwest,Air,Carrier C,3.07,307.9,352.1,1,2,1,1470.04,16.8,0,0,4.6
3923,2025-05-09,Atlanta,Southeast,Road,Carrier D,2.94,545.4,759.5,2,2,0,1000.24,10.3,1,0,5.0
3924,2025-12-09,Los Angeles,Southeast,Road,Carrier B,5.0,638.6,1267.2,2,4,2,1956.58,16.4,0,0,3.7
3925,2025-12-01,Dallas,Northeast,Road,Carrier B,2.27,429.0,883.5,2,3,1,1192.12,3.6,0,0,4.52
3926,2025-11-08,Dallas,International,Air,Carrier C,7.2,736.1,4027.9,2,3,1,17283.02,11.5,0,0,4.5
3927,2025-03-01,Atlanta,West,Sea,Carrier B,5.09,1078.7,1611.4,5,6,1,621.64,16.6,0,0,4.97
3928,2025-07-16,Chicago,West,Road,Carrier D,1.52,158.9,2329.2,4,4,0,2852.14,10.0,1,0,4.54
3929,2025-11-04,Los Angeles,West,Road,Carrier D,6.35,662.2,1650.9,3,5,2,2352.04,8.0,0,0,3.95
3930,2025-08-17,Los Angeles,Northeast,Sea,Carrier B,5.33,586.3,1051.5,4,6,2,426.09,14.5,0,0,3.99
3931,2025-08-14,Dallas,Southeast,Road,Carrier B,2.06,211.5,1304.3,2,3,1,1654.82,12.1,0,0,4.69
3932,2025-11-13,Chicago,Southeast,Air,Carrier A,3.52,402.9,1235.0,1,2,1,5487.84,14.7,0,0,4.44
3933,2025-02-01,Los Angeles,West,Road,Carrier C,3.26,586.0,1137.3,3,1,-2,1389.1,4.5,1,0,5.0
3934,2025-07-10,Atlanta,Southwest,Road,Carrier B,4.97,408.9,976.8,3,2,-1,1244.33,6.4,1,0,5.0
3935,2025-03-23,Seattle,Southeast,Road,Carrier B,3.2,288.5,1013.5,3,3,0,1298.44,10.3,1,0,4.46
3936,2025-08-09,Newark,Midwest,Sea,Carrier B,3.51,382.3,433.0,2,2,0,188.55,4.7,1,0,4.95
3937,2025-01-27,Newark,West,Road,Carrier B,4.83,804.4,1285.2,3,3,0,1672.94,9.6,1,1,3.74
3938,2025-12-13,Seattle,Midwest,Road,Carrier A,2.77,509.5,631.7,2,4,2,920.84,7.9,0,0,4.47
3939,2025-02-17,Newark,Southwest,Road,Carrier A,2.53,312.4,933.5,2,1,-1,1235.96,14.4,1,0,5.0
3940,2025-06-24,Los Angeles,West,Road,Carrier B,1.72,212.1,962.0,2,2,0,1137.29,3.9,1,0,4.84
3941,2025-01-10,Dallas,Southeast,Road,Carrier A,4.37,615.8,1095.8,3,2,-1,1424.09,9.4,1,0,5.0
3942,2025-03-20,Seattle,Northeast,Rail,Carrier A,6.99,748.0,787.6,2,1,-1,597.89,3.9,1,0,4.97
3943,2025-07-08,Atlanta,Midwest,Road,Carrier B,3.5,534.6,586.3,1,1,0,802.99,10.9,1,1,3.5
3944,2025-11-14,Seattle,Midwest,Sea,Carrier C,13.05,2806.6,600.6,3,2,-1,614.84,12.9,1,0,5.0
3945,2025-06-08,Newark,Northeast,Road,Carrier B,6.34,1145.4,850.3,3,2,-1,1131.19,4.0,1,0,5.0
3946,2025-02-27,Dallas,Northeast,Road,Carrier B,4.3,700.3,924.3,2,2,0,1175.39,5.3,1,0,5.0
3947,2025-08-20,Dallas,Southeast,Rail,Carrier C,1.06,198.1,680.8,3,2,-1,425.47,6.3,1,0,4.72
3948,2025-08-05,Chicago,Midwest,Air,Carrier D,1.81,369.0,373.8,1,1,0,1445.64,9.8,1,0,4.69
3949,2025-01-12,Atlanta,West,Road,Carrier A,1.09,175.0,1127.9,3,3,0,1469.5,16.1,1,0,4.9
3950,2025-12-24,Atlanta,Southwest,Road,Carrier B,3.51,537.5,720.1,2,2,0,1070.86,9.7,1,0,4.51
3951,2025-01-08,Los Angeles,West,Rail,Carrier B,3.73,796.9,1179.1,4,4,0,788.98,6.0,1,0,4.64
3952,2025-10-08,Newark,West,Road,Carrier B,2.86,321.3,1612.9,4,4,0,1902.72,3.8,1,0,4.61
3953,2025-05-09,Seattle,International,Sea,Carrier B,4.21,590.0,5877.7,18,17,-1,1777.58,13.8,1,0,5.0
3954,2025-06-05,Dallas,Southwest,Road,Carrier A,4.75,689.3,1324.3,3,3,0,1817.06,16.3,1,0,4.63
3955,2025-09-03,Newark,Southeast,Air,Carrier B,3.89,355.9,849.3,1,2,1,3138.74,5.9,0,0,5.0
3956,2025-04-21,Dallas,Southwest,Air,Carrier D,6.22,987.5,1033.2,1,1,0,4225.65,15.6,1,0,4.81
3957,2025-01-25,Los Angeles,International,Sea,Carrier B,1.33,288.6,7605.5,23,23,0,2001.51,3.4,1,0,4.48
3958,2025-01-16,Atlanta,Southeast,Road,Carrier D,2.83,400.7,658.1,2,2,0,813.11,3.4,1,0,5.0
3959,2025-05-07,Dallas,West,Road,Carrier D,5.53,1052.0,1404.1,3,3,0,1821.18,8.4,1,0,5.0
3960,2025-07-15,Chicago,Southeast,Road,Carrier B,1.65,137.8,1010.9,3,3,0,1339.25,17.1,1,0,4.89
3961,2025-12-21,Dallas,West,Road,Carrier D,1.46,207.4,1546.7,4,5,1,2248.54,15.8,0,0,5.0
3962,2025-01-17,Newark,Southeast,Sea,Carrier B,4.2,349.4,1482.7,5,1,-4,521.14,15.5,1,0,5.0
3963,2025-09-16,Newark,Northeast,Rail,Carrier C,2.51,254.2,954.2,3,3,0,656.19,14.1,1,0,4.68
3964,2025-09-17,Chicago,West,Road,Carrier A,2.85,316.1,1493.5,3,4,1,1881.66,10.6,0,0,4.63
3965,2025-03-21,Atlanta,West,Rail,Carrier C,4.34,710.5,1582.2,4,3,-1,1101.79,13.5,1,0,4.65
3966,2025-06-07,Los Angeles,West,Sea,Carrier A,0.77,90.9,1609.1,5,3,-2,490.75,17.3,1,0,4.57
3967,2025-03-15,Seattle,Southeast,Road,Carrier A,5.72,481.0,882.1,2,2,0,1206.53,11.7,1,0,4.86
3968,2025-12-26,Newark,Northeast,Road,Carrier B,1.35,234.7,821.6,2,3,1,1106.65,5.6,0,0,4.57
3969,2025-11-13,Atlanta,Southeast,Rail,Carrier C,1.3,221.3,907.2,3,6,3,689.23,16.2,0,0,4.2
3970,2025-02-02,Newark,Midwest,Road,Carrier A,3.44,637.3,422.9,2,2,0,587.06,7.0,1,0,5.0
3971,2025-04-05,Atlanta,Southwest,Road,Carrier A,7.97,1593.2,1108.2,3,4,1,1591.26,12.2,0,0,4.92
3972,2025-08-26,Chicago,Midwest,Road,Carrier A,3.16,473.3,588.1,2,2,0,802.66,11.8,1,0,4.85
3973,2025-09-06,Los Angeles,Midwest,Rail,Carrier A,3.91,495.7,594.7,3,1,-2,467.95,14.0,1,0,5.0
3974,2025-09-26,Los Angeles,Midwest,Road,Carrier C,5.0,1024.3,327.0,2,1,-1,562.57,15.8,1,0,5.0
3975,2025-06-11,Dallas,West,Road,Carrier B,3.74,414.0,1032.1,2,2,0,1288.55,6.3,1,0,4.72
3976,2025-12-27,Seattle,Southeast,Road,Carrier A,3.86,840.0,608.1,2,3,1,1004.93,16.7,0,0,5.0
3977,2025-12-30,Seattle,Northeast,Sea,Carrier D,1.75,189.5,1130.3,5,4,-1,410.94,15.3,1,0,4.56
3978,2025-10-11,Seattle,International,Sea,Carrier C,3.96,400.5,6515.8,19,19,0,2002.2,17.2,1,0,4.74
3979,2025-08-12,Seattle,Southeast,Road,Carrier C,1.6,252.8,768.1,2,1,-1,911.61,3.4,1,0,4.99
3980,2025-12-26,Newark,Northeast,Sea,Carrier A,1.93,340.0,1043.1,4,8,4,380.69,10.8,0,0,3.54
3981,2025-02-05,Newark,Northeast,Rail,Carrier B,10.9,2108.3,676.7,2,2,0,668.06,4.2,1,0,4.71
3982,2025-05-23,Los Angeles,International,Sea,Carrier B,6.18,503.9,5166.3,16,14,-2,1474.34,4.6,1,0,5.0
3983,2025-07-11,Dallas,International,Sea,Carrier A,2.2,361.4,6815.3,20,17,-3,1889.93,7.7,1,1,3.83
3984,2025-05-02,Seattle,Southwest,Road,Carrier A,9.34,1635.0,1214.2,3,4,1,1719.35,10.4,0,0,4.33
3985,2025-10-25,Seattle,Southeast,Road,Carrier D,7.94,725.9,620.2,2,3,1,880.26,5.1,0,0,4.64
3986,2025-05-03,Chicago,West,Rail,Carrier C,8.84,1161.4,1343.4,4,4,0,1067.21,14.8,1,0,4.52
3987,2025-02-12,Seattle,Northeast,Road,Carrier A,0.28,48.9,729.5,2,4,2,899.64,11.2,0,0,4.57
3988,2025-01-13,Seattle,Southwest,Road,Carrier A,0.97,113.1,1180.4,3,3,0,1412.26,7.1,1,0,4.91
3989,2025-09-14,Dallas,West,Air,Carrier B,0.98,147.1,1740.2,1,1,0,6283.17,5.8,1,0,5.0
3990,2025-03-20,Dallas,Midwest,Road,Carrier A,3.91,411.2,500.8,2,1,-1,681.16,8.1,1,0,5.0
3991,2025-05-17,Seattle,Northeast,Road,Carrier B,6.28,648.0,495.9,2,2,0,749.42,11.5,1,0,4.0
3992,2025-05-17,Atlanta,Northeast,Air,Carrier A,5.17,917.2,989.4,2,2,0,3888.43,11.5,1,0,4.9
3993,2025-10-13,Atlanta,Midwest,Road,Carrier C,3.02,519.0,389.3,2,2,0,524.55,5.0,1,0,4.37
3994,2025-04-06,Los Angeles,Southeast,Road,Carrier B,3.27,540.3,708.1,2,1,-1,997.71,16.7,1,0,4.9
3995,2025-05-20,Dallas,Southeast,Road,Carrier C,0.48,86.3,700.9,2,2,0,921.79,17.8,1,0,4.42
3996,2025-05-13,Los Angeles,Southeast,Sea,Carrier C,1.12,140.2,576.5,3,1,-2,183.43,9.2,1,0,5.0
3997,2025-04-16,Los Angeles,Midwest,Road,Carrier B,2.58,242.1,555.2,2,2,0,716.37,8.3,1,0,5.0
3998,2025-08-07,Newark,Northeast,Air,Carrier A,4.16,913.4,1067.4,1,1,0,4092.21,9.5,1,0,4.64
3999,2025-01-07,Dallas,Midwest,Road,Carrier D,3.87,353.1,446.9,2,2,0,590.57,4.1,1,0,4.78
4000,2025-10-02,Dallas,Southeast,Road,Carrier A,2.99,318.3,1013.6,2,2,0,1262.71,7.4,1,0,4.96
4001,2025-06-16,Los Angeles,Midwest,Road,Carrier D,2.46,498.4,669.9,2,4,2,938.58,17.5,0,0,4.27
4002,2025-03-10,Dallas,Southeast,Sea,Carrier A,1.62,188.9,1256.7,5,5,0,375.82,8.0,1,0,5.0
4003,2025-06-12,Atlanta,Midwest,Road,Carrier A,9.7,1093.7,346.1,1,1,0,607.54,4.6,1,0,5.0
4004,2025-11-24,Newark,Northeast,Road,Carrier A,2.87,586.2,578.1,2,2,0,900.43,13.5,1,0,4.31
4005,2025-04-24,Seattle,Midwest,Air,Carrier B,2.39,209.1,526.5,1,1,0,1970.36,7.3,1,0,5.0
4006,2025-08-01,Newark,International,Sea,Carrier B,5.43,518.3,5089.4,16,15,-1,1611.42,16.8,1,0,5.0
4007,2025-08-23,Dallas,West,Road,Carrier B,0.93,186.0,1154.0,3,2,-1,1513.56,17.1,1,0,5.0
4008,2025-09-23,Los Angeles,International,Sea,Carrier A,2.39,239.7,5843.3,18,21,3,1751.61,16.1,0,0,3.66
4009,2025-08-11,Seattle,Northeast,Air,Carrier B,4.09,488.6,801.4,1,1,0,3260.21,16.0,1,0,5.0
4010,2025-01-12,Newark,Southeast,Sea,Carrier C,0.61,50.0,802.0,4,3,-1,243.38,14.7,1,0,4.13
4011,2025-11-28,Newark,Midwest,Road,Carrier A,3.38,345.3,368.1,2,4,2,581.93,9.9,0,0,5.0
4012,2025-03-06,Los Angeles,Northeast,Road,Carrier B,5.18,788.5,779.1,2,2,0,1005.29,3.2,1,0,5.0
4013,2025-11-15,Los Angeles,Southeast,Air,Carrier B,3.61,390.1,936.2,1,2,1,4194.69,15.0,0,0,4.8
4014,2025-11-23,Newark,Southeast,Road,Carrier D,1.4,272.6,1457.6,4,6,2,1940.89,5.8,0,0,4.55
4015,2025-06-09,Newark,Southwest,Air,Carrier D,3.8,803.8,962.4,1,1,0,3659.08,8.6,1,0,5.0
4016,2025-07-03,Atlanta,International,Rail,Carrier D,3.99,635.0,4206.9,10,8,-2,2672.45,11.1,1,0,4.88
4017,2025-08-22,Dallas,Southwest,Road,Carrier C,6.06,581.4,1005.2,3,4,1,1284.45,4.8,0,0,4.31
4018,2025-06-30,Dallas,West,Air,Carrier A,3.0,462.1,999.5,1,2,1,3761.25,8.5,0,0,4.48
4019,2025-11-12,Los Angeles,Southeast,Road,Carrier A,1.44,267.5,1375.6,3,4,1,1787.63,3.1,0,0,4.6
4020,2025-09-20,Newark,Southeast,Rail,Carrier D,4.37,574.8,851.6,2,4,2,653.31,16.1,0,0,4.26
4021,2025-01-31,Chicago,West,Rail,Carrier B,1.93,239.5,1319.8,4,3,-1,832.7,8.6,1,0,5.0
4022,2025-10-19,Newark,International,Sea,Carrier C,3.94,681.0,7495.7,23,25,2,2262.07,15.0,0,0,4.04
4023,2025-12-03,Newark,Southeast,Sea,Carrier D,7.02,1326.9,802.4,3,6,3,463.57,11.2,0,0,4.42
4024,2025-05-29,Newark,Southwest,Road,Carrier B,1.12,182.7,955.5,3,4,1,1250.31,16.1,0,0,4.45
4025,2025-04-29,Seattle,West,Road,Carrier A,5.22,622.7,1088.3,3,2,-1,1431.92,9.6,1,0,4.67
4026,2025-02-02,Seattle,Midwest,Road,Carrier C,9.25,832.0,650.5,2,1,-1,958.59,7.0,1,0,5.0
4027,2025-01-26,Atlanta,Northeast,Road,Carrier B,5.6,502.1,513.3,2,1,-1,693.87,3.0,1,1,3.48
4028,2025-01-26,Newark,Southwest,Road,Carrier B,1.07,125.0,723.1,2,3,1,942.9,15.3,0,0,4.38
4029,2025-10-26,Seattle,Southwest,Road,Carrier D,5.64,998.4,1152.1,3,3,0,1493.03,6.5,1,1,3.94
4030,2025-12-16,Seattle,Midwest,Road,Carrier A,1.48,262.8,693.8,2,2,0,1026.7,14.8,1,0,4.53
4031,2025-10-23,Newark,Southwest,Sea,Carrier C,8.82,1631.8,1018.4,4,3,-1,536.82,14.6,1,0,4.42
4032,2025-08-12,Newark,West,Rail,Carrier A,0.99,115.3,1606.7,4,4,0,990.16,9.5,1,0,4.96
4033,2025-02-01,Newark,Southwest,Rail,Carrier B,5.49,875.4,747.4,2,1,-1,582.81,8.5,1,0,5.0
4034,2025-09-03,Los Angeles,Midwest,Sea,Carrier A,1.04,170.5,509.4,2,1,-1,171.31,13.1,1,0,5.0
4035,2025-08-23,Atlanta,International,Sea,Carrier B,3.78,673.6,3695.3,12,11,-1,1134.94,11.9,1,0,5.0
4036,2025-05-29,Chicago,Northeast,Road,Carrier D,2.42,345.4,776.0,3,2,-1,987.85,8.9,1,0,4.15
4037,2025-03-12,Dallas,International,Air,Carrier B,3.74,363.3,4311.7,2,2,0,16487.21,11.9,1,0,4.83
4038,2025-04-08,Atlanta,Northeast,Rail,Carrier A,2.72,527.9,738.0,3,2,-1,519.38,9.8,1,0,5.0
4039,2025-02-17,Los Angeles,Southwest,Air,Carrier C,1.89,210.9,1127.1,1,1,0,4134.42,6.8,1,0,5.0
4040,2025-02-12,Dallas,Midwest,Road,Carrier C,6.95,898.7,535.7,2,2,0,861.85,16.7,1,0,4.65
4041,2025-11-14,Dallas,Northeast,Rail,Carrier D,1.7,295.5,1094.9,3,6,3,771.36,7.2,0,0,4.23
4042,2025-03-29,Los Angeles,International,Air,Carrier B,1.88,165.4,4956.2,2,2,0,17884.05,5.9,1,0,5.0
4043,2025-11-10,Atlanta,International,Sea,Carrier C,1.81,302.3,5411.2,16,18,2,1674.98,7.2,0,0,4.42
4044,2025-05-13,Dallas,Midwest,Sea,Carrier C,0.6,121.4,530.7,2,4,2,157.42,6.6,0,0,3.98
4045,2025-08-07,Atlanta,West,Road,Carrier D,1.35,237.8,604.6,2,3,1,815.11,16.9,0,0,5.0
4046,2025-09-18,Los Angeles,Northeast,Air,Carrier A,6.05,1067.5,872.0,1,2,1,3491.34,12.3,0,0,4.68
4047,2025-10-06,Dallas,International,Air,Carrier D,2.63,308.4,8675.8,3,3,0,34694.79,17.4,1,0,5.0
4048,2025-07-30,Atlanta,Southwest,Rail,Carrier C,7.66,943.5,1018.6,3,2,-1,778.7,7.8,1,0,4.6
4049,2025-12-20,Seattle,Midwest,Road,Carrier B,7.54,1617.6,299.4,2,4,2,669.89,14.3,0,0,3.52
4050,2025-12-25,Los Angeles,Southeast,Road,Carrier C,3.04,620.1,836.1,2,2,0,1152.68,3.3,1,0,5.0
4051,2025-10-06,Dallas,Midwest,Rail,Carrier C,0.89,155.9,580.8,2,1,-1,372.19,9.3,1,0,4.44
4052,2025-05-07,Dallas,West,Air,Carrier D,2.12,401.4,1522.9,1,1,0,5585.16,6.8,1,0,5.0
4053,2025-12-31,Newark,West,Road,Carrier B,6.82,976.9,1629.9,3,4,1,2551.76,17.2,0,0,5.0
4054,2025-12-22,Newark,Southwest,Rail,Carrier D,1.44,176.9,1184.9,3,2,-1,832.74,9.0,1,0,4.56
4055,2025-07-11,Dallas,Southeast,Sea,Carrier D,11.32,994.6,856.5,3,4,1,488.36,12.6,0,0,4.26
4056,2025-01-01,Atlanta,West,Road,Carrier A,3.21,449.8,1855.8,4,4,0,2196.45,4.0,1,0,5.0
4057,2025-12-04,Seattle,Southeast,Air,Carrier A,2.89,308.9,780.6,1,2,1,3399.83,11.9,0,0,4.23
4058,2025-09-16,Los Angeles,Northeast,Road,Carrier B,2.25,330.6,1314.0,3,3,0,1709.6,14.3,1,0,5.0
4059,2025-02-13,Seattle,Southeast,Road,Carrier A,4.97,835.8,911.0,2,3,1,1193.34,6.7,0,0,4.79
4060,2025-12-15,Seattle,Southeast,Road,Carrier B,5.36,931.7,1165.1,3,3,0,1818.92,15.3,1,0,4.93
4061,2025-12-27,Newark,Southeast,Road,Carrier A,0.55,59.9,813.5,2,3,1,1059.53,4.4,0,0,4.58
4062,2025-07-16,Atlanta,West,Sea,Carrier C,0.56,87.8,1285.6,5,3,-2,367.69,10.0,1,0,5.0
4063,2025-07-04,Los Angeles,Midwest,Rail,Carrier D,3.47,324.3,672.7,2,2,0,485.19,10.7,1,0,4.96
4064,2025-12-21,Dallas,Northeast,Rail,Carrier C,2.24,443.2,814.4,3,4,1,653.84,15.9,0,0,4.41
4065,2025-01-27,Dallas,Southeast,Road,Carrier C,1.49,236.8,508.0,2,2,0,696.85,17.5,1,0,5.0
4066,2025-12-16,Chicago,Southwest,Sea,Carrier A,1.66,158.8,1049.3,4,2,-2,383.85,16.1,1,0,4.75
4067,2025-03-11,Chicago,Midwest,Air,Carrier A,1.69,246.6,656.1,1,1,0,2336.59,3.0,1,0,4.78
4068,2025-08-21,Chicago,Northeast,Air,Carrier D,2.22,266.4,1178.1,2,1,-1,4295.34,6.0,1,0,4.79
4069,2025-12-22,Newark,West,Road,Carrier C,7.01,605.4,1567.4,3,5,2,2230.55,7.1,0,0,4.3
4070,2025-01-06,Dallas,Southwest,Road,Carrier B,3.2,603.3,1137.5,3,4,1,1418.53,6.7,0,0,4.98
4071,2025-12-01,Seattle,Northeast,Sea,Carrier A,6.95,809.7,570.3,2,5,3,377.45,17.3,0,0,3.7
4072,2025-09-22,Atlanta,Midwest,Road,Carrier A,8.24,1181.9,725.1,2,2,0,1101.89,12.4,1,0,5.0
4073,2025-02-12,Dallas,Southeast,Road,Carrier A,2.49,311.2,1417.3,3,5,2,1902.07,18.0,0,0,3.88
4074,2025-08-29,Newark,Midwest,Air,Carrier A,2.4,213.0,567.2,1,1,0,2200.44,11.4,1,0,4.44
4075,2025-07-01,Newark,Midwest,Road,Carrier B,6.7,1375.8,547.7,2,3,1,865.08,12.1,0,0,4.95
4076,2025-06-15,Newark,West,Road,Carrier D,2.39,434.4,847.1,2,2,0,1099.18,11.1,1,0,5.0
4077,2025-07-11,Newark,International,Sea,Carrier A,0.34,54.8,3046.8,9,8,-1,869.67,13.0,1,0,5.0
4078,2025-07-13,Newark,West,Road,Carrier B,1.48,246.1,1384.8,3,2,-1,1783.69,14.5,1,0,5.0
4079,2025-08-27,Newark,Midwest,Rail,Carrier A,0.72,141.2,330.2,2,4,2,214.72,7.6,0,0,3.84
4080,2025-07-03,Atlanta,Southeast,Road,Carrier A,0.83,180.5,585.4,2,1,-1,692.66,4.1,1,0,5.0
4081,2025-08-29,Seattle,Midwest,Road,Carrier D,3.05,321.6,589.9,1,1,0,797.41,12.2,1,0,5.0
4082,2025-01-28,Los Angeles,Southwest,Road,Carrier D,0.53,98.0,367.8,2,2,0,434.48,4.1,1,0,4.21
4083,2025-09-08,Chicago,Southwest,Road,Carrier B,1.99,403.1,975.1,3,4,1,1239.4,10.4,0,0,4.8
4084,2025-07-01,Newark,Northeast,Road,Carrier B,4.59,387.7,1030.8,2,2,0,1382.23,13.1,1,0,5.0
4085,2025-08-21,Los Angeles,Midwest,Rail,Carrier C,2.28,291.4,436.0,2,2,0,319.92,10.9,1,0,5.0
4086,2025-02-15,Chicago,Northeast,Air,Carrier A,4.25,785.5,801.7,1,1,0,3312.46,17.1,1,0,5.0
4087,2025-08-09,Atlanta,Northeast,Air,Carrier B,1.53,270.4,896.6,1,2,1,3541.27,14.8,0,0,4.52
4088,2025-06-02,Seattle,Midwest,Sea,Carrier B,2.13,263.8,512.4,2,1,-1,198.87,14.8,1,0,4.71
4089,2025-06-21,Atlanta,Midwest,Rail,Carrier B,0.69,94.0,495.5,2,1,-1,297.3,3.4,1,0,4.92
4090,2025-02-17,Atlanta,Northeast,Sea,Carrier A,0.16,30.7,988.4,4,4,0,278.92,11.1,1,0,4.74
4091,2025-05-08,Dallas,Northeast,Road,Carrier B,1.79,308.5,897.3,2,2,0,1144.59,11.2,1,0,4.19
4092,2025-01-08,Seattle,International,Sea,Carrier D,9.68,1143.6,5361.8,16,16,0,1655.4,7.3,1,0,5.0
4093,2025-08-05,Dallas,Midwest,Road,Carrier A,1.95,346.5,411.2,2,1,-1,587.22,17.7,1,0,5.0
4094,2025-05-14,Atlanta,Northeast,Road,Carrier A,1.61,294.9,634.9,2,3,1,780.16,5.8,0,0,4.47
4095,2025-02-13,Los Angeles,Southeast,Air,Carrier A,3.18,362.8,982.3,1,2,1,3943.69,15.8,0,0,4.27
4096,2025-03-10,Chicago,Northeast,Air,Carrier A,1.92,274.4,807.3,1,1,0,3010.12,8.0,1,0,4.53
4097,2025-12-30,Chicago,Southeast,Road,Carrier D,2.21,464.1,1202.1,2,4,2,1726.33,11.8,0,0,3.82
4098,2025-09-21,Dallas,Northeast,Road,Carrier A,0.94,175.1,588.3,2,1,-1,691.32,3.2,1,0,4.62
4099,2025-04-21,Seattle,West,Rail,Carrier A,0.35,48.1,1343.2,3,1,-2,807.68,8.2,1,0,5.0
4100,2025-08-21,Seattle,Northeast,Road,Carrier D,0.53,110.9,1136.7,2,2,0,1396.58,10.5,1,0,4.83
4101,2025-07-19,Los Angeles,Southeast,Sea,Carrier A,3.12,574.7,1368.0,4,2,-2,468.82,12.3,1,0,4.97
4102,2025-10-02,Seattle,Southeast,Road,Carrier C,1.49,308.5,1218.4,3,3,0,1573.7,14.2,1,0,4.93
4103,2025-01-05,Seattle,Southwest,Rail,Carrier A,3.93,344.7,833.8,3,4,1,562.55,5.2,0,0,4.0
4104,2025-03-27,Chicago,Southwest,Rail,Carrier A,1.59,202.8,1120.9,4,5,1,699.87,7.6,0,0,4.66
4105,2025-04-10,Chicago,International,Sea,Carrier A,4.18,376.4,6600.5,19,24,5,1793.99,3.6,0,0,2.51
4106,2025-08-25,Atlanta,Southwest,Road,Carrier D,2.32,345.5,1124.6,3,4,1,1365.24,5.9,0,0,4.35
4107,2025-04-24,Seattle,Southeast,Sea,Carrier C,2.29,465.3,887.7,3,5,2,294.57,5.4,0,0,3.73
4108,2025-11-21,Chicago,International,Rail,Carrier C,0.12,25.5,6564.6,14,16,2,4391.17,8.5,0,0,4.16
4109,2025-09-02,Atlanta,International,Sea,Carrier D,1.83,165.5,7274.7,22,17,-5,2028.78,9.4,1,0,4.6
4110,2025-08-10,Chicago,Southeast,Road,Carrier A,4.25,619.5,1142.8,3,1,-2,1451.84,7.4,1,0,5.0
4111,2025-03-25,Los Angeles,Northeast,Road,Carrier C,0.4,35.8,817.4,2,1,-1,1036.59,14.3,1,0,5.0
4112,2025-03-29,Dallas,International,Sea,Carrier B,4.15,853.4,3438.7,11,12,1,1030.26,6.8,0,0,4.32
4113,2025-05-31,Atlanta,International,Sea,Carrier A,6.66,1033.8,7605.5,23,24,1,2260.28,10.1,0,0,4.39
4114,2025-07-31,Los Angeles,International,Air,Carrier A,2.0,351.1,5617.0,3,3,0,22036.13,15.1,1,0,5.0
4115,2025-05-27,Seattle,Midwest,Air,Carrier B,5.95,917.4,509.3,1,1,0,2172.78,16.4,1,0,5.0
4116,2025-08-03,Los Angeles,Southwest,Sea,Carrier C,2.12,353.2,905.3,4,1,-3,290.34,5.3,1,0,4.81
4117,2025-09-19,Chicago,Northeast,Road,Carrier C,3.62,597.8,640.8,2,2,0,872.69,10.6,1,0,4.38
4118,2025-11-14,Dallas,West,Road,Carrier B,2.09,291.9,1061.9,3,4,1,1574.69,15.8,0,0,4.34
4119,2025-01-16,Dallas,Southeast,Road,Carrier C,2.1,246.3,553.4,1,1,0,672.8,3.1,1,0,5.0
4120,2025-08-03,Chicago,Southwest,Road,Carrier B,1.02,106.7,1196.4,3,3,0,1551.98,16.1,1,0,5.0
4121,2025-08-06,Newark,West,Road,Carrier C,0.68,79.1,1817.8,4,3,-1,2219.08,10.2,1,0,4.85
4122,2025-01-15,Seattle,West,Sea,Carrier B,5.51,590.2,1577.2,5,3,-2,543.42,7.3,1,0,4.63
4123,2025-05-22,Dallas,West,Rail,Carrier B,2.4,479.8,1774.0,4,2,-2,1175.5,13.5,1,0,5.0
4124,2025-01-03,Seattle,Southwest,Road,Carrier A,6.81,1003.4,885.2,2,3,1,1190.2,5.7,0,0,5.0
4125,2025-05-14,Atlanta,Northeast,Road,Carrier B,2.99,569.2,994.6,2,3,1,1375.23,17.8,0,0,4.9
4126,2025-07-14,Newark,Northeast,Sea,Carrier C,3.03,378.6,602.5,2,5,3,235.71,9.6,0,0,4.01
4127,2025-11-01,Newark,International,Sea,Carrier C,0.85,152.2,4777.5,14,18,4,1478.8,8.7,0,0,2.4
4128,2025-02-25,Dallas,Southwest,Air,Carrier B,4.02,598.6,1024.3,2,3,1,4101.71,14.8,0,0,4.25
4129,2025-02-19,Los Angeles,Southeast,Road,Carrier D,4.41,647.7,835.7,2,3,1,1081.0,6.2,0,0,5.0
4130,2025-05-01,Chicago,Midwest,Air,Carrier A,4.53,388.5,635.9,1,1,0,2499.12,11.1,1,0,5.0
4131,2025-03-26,Dallas,Southeast,Road,Carrier A,2.86,493.7,1180.1,2,1,-1,1536.54,12.5,1,0,5.0
4132,2025-11-18,Newark,Southeast,Rail,Carrier A,3.29,300.4,1090.6,3,5,2,832.34,11.9,0,0,3.89
4133,2025-03-18,Dallas,Southeast,Sea,Carrier A,5.46,460.7,723.4,3,3,0,312.88,9.5,1,0,4.65
4134,2025-05-31,Seattle,Southwest,Rail,Carrier C,6.12,781.3,1175.2,4,6,2,899.23,15.7,0,0,4.92
4135,2025-08-16,Atlanta,Southeast,Rail,Carrier C,3.4,532.9,1032.7,3,1,-2,741.8,14.9,1,0,5.0
4136,2025-07-27,Seattle,International,Sea,Carrier A,3.48,708.3,6056.9,18,16,-2,1771.56,10.6,1,0,5.0
4137,2025-09-12,Dallas,Midwest,Road,Carrier A,3.02,359.3,558.0,2,1,-1,713.61,5.4,1,0,4.88
4138,2025-09-29,Seattle,Midwest,Sea,Carrier A,3.8,805.0,497.3,2,1,-1,237.02,7.0,1,0,4.75
4139,2025-01-29,Atlanta,International,Sea,Carrier A,0.93,165.9,5478.9,16,17,1,1493.64,7.3,0,0,4.73
4140,2025-04-19,Seattle,Midwest,Road,Carrier B,5.82,596.3,413.7,1,1,0,621.3,8.6,1,0,4.76
4141,2025-10-02,Seattle,Midwest,Rail,Carrier A,1.27,195.9,401.7,1,1,0,259.58,3.9,1,0,5.0
4142,2025-10-25,Los Angeles,Southwest,Road,Carrier C,3.97,559.7,334.1,1,1,0,497.38,9.3,1,0,5.0
4143,2025-03-16,Newark,West,Sea,Carrier C,2.15,422.4,1383.3,5,6,1,439.47,10.1,0,0,4.72
4144,2025-04-14,Chicago,West,Road,Carrier B,2.41,275.7,1341.0,3,4,1,1697.33,11.3,0,0,4.37
4145,2025-12-24,Dallas,Southeast,Road,Carrier A,6.58,823.4,935.8,2,4,2,1393.4,6.4,0,0,5.0
4146,2025-03-02,Seattle,Southeast,Road,Carrier A,4.59,780.1,696.8,2,1,-1,981.84,12.3,1,0,5.0
4147,2025-05-22,Newark,Southwest,Rail,Carrier B,1.99,407.7,1138.0,3,4,1,764.67,13.1,0,0,4.52
4148,2025-09-19,Chicago,West,Rail,Carrier A,1.16,137.4,1412.0,4,3,-1,845.69,5.6,1,0,4.13
4149,2025-12-28,Atlanta,Southwest,Rail,Carrier D,5.52,902.8,555.1,2,1,-1,503.66,3.8,1,0,4.53
4150,2025-06-18,Newark,Southeast,Road,Carrier A,4.27,653.3,834.0,2,2,0,1090.18,7.5,1,0,4.95
4151,2025-01-08,Los Angeles,Southeast,Road,Carrier C,3.05,505.0,619.6,2,3,1,800.67,6.4,0,0,4.8
4152,2025-03-18,Atlanta,Midwest,Road,Carrier C,5.1,496.1,491.0,2,3,1,750.51,17.0,0,0,5.0
4153,2025-03-16,Dallas,Southwest,Road,Carrier C,0.7,61.9,1319.9,3,3,0,1573.97,7.4,1,0,4.6
4154,2025-11-09,Newark,Southeast,Road,Carrier B,5.18,436.1,1150.4,3,4,1,1614.36,5.6,0,0,4.08
4155,2025-04-15,Los Angeles,Northeast,Road,Carrier B,2.28,431.5,640.6,1,2,1,817.38,7.5,0,0,4.16
4156,2025-10-18,Atlanta,Northeast,Road,Carrier A,9.57,2088.4,864.8,3,3,0,1268.86,5.8,1,0,5.0
4157,2025-12-03,Dallas,Northeast,Road,Carrier A,14.46,1878.4,1032.5,2,3,1,1668.69,3.0,0,0,4.86
4158,2025-04-17,Newark,Southwest,Air,Carrier A,1.94,208.8,800.0,1,1,0,2969.36,7.6,1,0,5.0
4159,2025-01-28,Chicago,Midwest,Rail,Carrier B,2.05,230.8,548.6,3,5,2,404.2,17.5,0,0,3.68
4160,2025-09-11,Seattle,West,Road,Carrier B,1.19,239.3,1089.9,3,2,-1,1315.9,7.1,1,0,4.8
4161,2025-12-29,Newark,Northeast,Road,Carrier B,7.38,1595.9,909.0,3,4,1,1430.5,7.3,0,1,2.99
4162,2025-08-02,Seattle,Southeast,Rail,Carrier B,2.84,479.9,633.9,2,4,2,487.52,17.4,0,0,4.51
4163,2025-11-19,Atlanta,West,Road,Carrier D,1.33,236.8,1792.9,3,5,2,2574.39,14.7,0,0,4.71
4164,2025-05-09,Chicago,Northeast,Road,Carrier D,1.67,236.7,214.4,1,1,0,318.09,16.6,1,0,4.7
4165,2025-08-03,Dallas,Southeast,Road,Carrier A,2.15,186.7,726.3,3,3,0,954.74,13.6,1,0,5.0
4166,2025-07-03,Los Angeles,Southeast,Road,Carrier B,2.39,382.3,595.2,2,4,2,743.0,4.7,0,0,3.94
4167,2025-10-16,Newark,Northeast,Rail,Carrier A,0.88,154.0,935.7,3,3,0,563.45,5.2,1,0,4.77
4168,2025-02-06,Atlanta,Northeast,Road,Carrier A,1.95,162.9,748.2,2,2,0,968.75,12.6,1,0,5.0
4169,2025-03-05,Seattle,Midwest,Road,Carrier B,2.55,357.1,269.9,1,1,0,397.83,12.7,1,0,5.0
4170,2025-02-03,Newark,Midwest,Rail,Carrier A,3.36,356.9,617.0,2,6,4,458.1,12.4,0,0,4.17
4171,2025-04-06,Dallas,Northeast,Road,Carrier D,4.55,628.5,691.9,2,3,1,1001.87,16.4,0,0,4.98
4172,2025-05-19,Seattle,West,Sea,Carrier B,5.15,969.2,1300.4,5,2,-3,519.36,15.2,1,0,5.0
4173,2025-05-07,Newark,Midwest,Sea,Carrier B,3.05,526.4,607.4,3,6,3,245.56,9.7,0,0,3.62
4174,2025-01-18,Seattle,Northeast,Road,Carrier D,1.46,185.8,500.1,2,1,-1,643.98,10.8,1,0,5.0
4175,2025-08-04,Los Angeles,Southeast,Sea,Carrier D,1.82,335.4,1016.8,4,3,-1,320.95,7.6,1,0,4.84
4176,2025-04-07,Seattle,Southwest,Air,Carrier A,4.83,686.2,1138.6,1,1,0,4582.53,15.2,1,0,4.69
4177,2025-07-06,Dallas,Southwest,Air,Carrier A,1.16,120.4,878.8,1,1,0,3140.66,4.3,1,0,5.0
4178,2025-08-09,Newark,International,Sea,Carrier C,5.13,623.3,5877.0,18,14,-4,1733.48,9.9,1,0,5.0
4179,2025-09-10,Chicago,Northeast,Rail,Carrier C,3.34,670.4,522.0,2,3,1,418.14,12.8,0,0,5.0
4180,2025-08-09,Seattle,Midwest,Sea,Carrier A,4.61,718.0,549.8,3,2,-1,261.35,7.8,1,0,4.64
4181,2025-08-18,Seattle,Southeast,Road,Carrier A,1.96,251.2,621.2,2,1,-1,781.17,7.7,1,0,4.87
4182,2025-12-26,Dallas,International,Air,Carrier B,3.88,366.2,6571.5,2,3,1,26591.65,5.9,0,0,4.62
4183,2025-12-31,Atlanta,Southwest,Road,Carrier A,2.56,340.8,663.4,2,5,3,995.38,13.2,0,0,3.41
4184,2025-07-17,Atlanta,West,Road,Carrier C,2.19,286.1,1285.1,3,3,0,1523.58,4.3,1,0,4.64
4185,2025-02-16,Newark,Southwest,Air,Carrier C,5.34,1087.0,884.2,1,1,0,3592.89,14.4,1,0,4.87
4186,2025-05-09,Seattle,Midwest,Road,Carrier B,2.3,499.1,621.5,2,4,2,812.35,9.3,0,0,3.97
4187,2025-09-18,Dallas,Midwest,Road,Carrier B,1.82,187.9,390.8,2,1,-1,520.35,11.5,1,0,4.61
4188,2025-06-20,Los Angeles,Southeast,Road,Carrier C,1.15,219.8,738.0,2,1,-1,935.81,11.4,1,0,4.29
4189,2025-09-04,Chicago,Southwest,Road,Carrier B,1.09,224.6,947.6,3,3,0,1228.31,14.8,1,0,4.69
4190,2025-11-04,Dallas,Midwest,Road,Carrier C,1.63,142.9,447.6,2,3,1,613.19,4.5,0,0,4.82
4191,2025-10-04,Dallas,Northeast,Road,Carrier B,1.67,244.2,647.1,2,2,0,846.59,13.0,1,0,5.0
4192,2025-06-30,Los Angeles,Northeast,Sea,Carrier B,6.44,1024.1,1146.4,4,5,1,507.38,16.8,0,0,4.74
4193,2025-03-23,Los Angeles,Southeast,Road,Carrier B,4.94,1082.1,1044.3,3,4,1,1391.85,9.0,0,0,5.0
4194,2025-09-23,Los Angeles,International,Sea,Carrier B,1.91,398.6,5810.4,18,21,3,1672.31,11.4,0,0,3.06
4195,2025-10-04,Seattle,Midwest,Sea,Carrier C,3.75,306.6,475.6,2,4,2,218.24,14.6,0,0,4.38
4196,2025-10-05,Dallas,Midwest,Road,Carrier D,3.39,705.6,482.5,2,4,2,668.12,8.3,0,0,3.87
4197,2025-10-04,Los Angeles,Midwest,Road,Carrier D,5.94,656.5,695.0,2,1,-1,950.3,7.2,1,1,3.46
4198,2025-09-03,Atlanta,International,Sea,Carrier B,1.46,151.0,6992.8,21,20,-1,1839.81,3.5,1,0,5.0
4199,2025-09-18,Newark,West,Air,Carrier A,2.77,291.2,1686.2,1,1,0,6292.69,8.7,1,0,4.37
4200,2025-08-02,Los Angeles,Northeast,Air,Carrier A,5.46,773.4,629.1,1,1,0,2532.97,12.1,1,0,4.68
4201,2025-11-23,Seattle,Northeast,Road,Carrier A,6.79,1232.4,489.9,1,2,1,841.77,7.0,0,0,4.64
4202,2025-10-02,Dallas,Southeast,Road,Carrier D,2.7,505.2,1163.6,3,1,-2,1562.49,16.1,1,0,4.62
4203,2025-06-23,Atlanta,Southwest,Rail,Carrier D,6.59,816.9,995.7,3,4,1,755.95,10.0,0,0,4.34
4204,2025-07-11,Newark,Midwest,Sea,Carrier A,3.6,635.3,372.4,2,3,1,191.87,7.3,0,1,3.41
4205,2025-09-28,Newark,Southeast,Road,Carrier B,3.3,671.5,947.7,2,2,0,1225.77,8.9,1,0,5.0
4206,2025-07-09,Dallas,Southwest,Road,Carrier B,5.6,1039.3,682.8,2,3,1,957.18,7.9,0,0,4.56
4207,2025-10-21,Chicago,Southwest,Road,Carrier A,1.24,257.8,869.2,2,2,0,1131.93,14.6,1,0,5.0
4208,2025-04-24,Los Angeles,Southeast,Road,Carrier B,0.56,77.3,567.6,2,3,1,671.6,5.5,0,0,4.43
4209,2025-01-07,Seattle,Midwest,Road,Carrier A,2.51,527.6,623.1,2,3,1,877.56,17.1,0,0,4.25
4210,2025-12-11,Chicago,West,Road,Carrier C,2.2,388.7,1496.8,3,5,2,2079.69,9.3,0,0,4.62
4211,2025-06-03,Atlanta,Southeast,Road,Carrier C,2.92,608.6,938.7,2,1,-1,1279.48,15.6,1,0,4.43
4212,2025-08-18,Newark,Northeast,Sea,Carrier B,3.02,622.8,824.8,3,3,0,325.81,15.3,1,0,5.0
4213,2025-01-07,Dallas,Southwest,Air,Carrier B,5.82,892.7,741.6,2,2,0,2857.71,7.7,1,0,5.0
4214,2025-12-05,Newark,Southwest,Road,Carrier D,1.98,425.6,761.8,2,3,1,1037.48,4.2,0,0,4.8
4215,2025-03-13,Chicago,Southwest,Road,Carrier B,2.62,548.0,997.2,3,3,0,1224.17,5.2,1,0,5.0
4216,2025-10-22,Dallas,International,Sea,Carrier A,6.55,1078.4,6441.9,20,22,2,1856.11,5.3,0,0,4.36
4217,2025-03-16,Atlanta,Southwest,Sea,Carrier A,3.94,682.0,907.2,4,1,-3,376.36,17.6,1,1,3.96
4218,2025-09-16,Dallas,Southwest,Rail,Carrier C,5.67,811.0,1586.6,5,7,2,1109.96,11.2,0,0,3.97
4219,2025-06-07,Seattle,Northeast,Road,Carrier A,4.57,498.8,676.5,2,3,1,878.59,4.9,0,0,5.0
4220,2025-04-29,Los Angeles,Midwest,Road,Carrier C,0.8,69.6,683.9,2,1,-1,813.85,6.0,1,0,5.0
4221,2025-09-17,Atlanta,Midwest,Road,Carrier C,2.74,422.7,402.8,2,1,-1,561.9,11.2,1,0,5.0
4222,2025-06-22,Newark,West,Road,Carrier A,6.38,1398.4,1682.3,3,3,0,2286.31,13.4,1,0,5.0
4223,2025-02-05,Dallas,West,Air,Carrier C,3.32,627.3,1348.8,2,2,0,5306.72,13.7,1,0,5.0
4224,2025-10-09,Seattle,West,Sea,Carrier A,4.54,511.4,1947.2,6,8,2,635.07,9.4,0,0,3.65
4225,2025-02-12,Chicago,International,Sea,Carrier A,5.29,622.5,7679.0,23,22,-1,2162.18,6.5,1,0,5.0
4226,2025-05-26,Chicago,International,Rail,Carrier C,6.73,1043.9,9776.9,21,24,3,6088.96,10.1,0,0,4.15
4227,2025-10-17,Los Angeles,Northeast,Air,Carrier B,2.87,245.0,976.4,1,1,0,3665.3,8.6,1,0,5.0
4228,2025-08-19,Atlanta,West,Rail,Carrier D,4.34,813.7,1246.4,4,6,2,917.91,16.0,0,0,3.87
4229,2025-07-10,Atlanta,Southwest,Road,Carrier D,3.54,762.7,970.3,2,1,-1,1219.97,5.3,1,0,4.77
4230,2025-12-07,Seattle,Northeast,Rail,Carrier C,6.0,1181.1,926.3,3,4,1,781.87,6.0,0,0,3.87
4231,2025-06-07,Chicago,West,Road,Carrier B,4.99,731.2,1877.6,3,2,-1,2268.11,4.2,1,0,4.59
4232,2025-10-18,Chicago,Northeast,Rail,Carrier B,0.74,84.5,555.1,2,1,-1,358.38,11.8,1,0,5.0
4233,2025-11-02,Chicago,International,Sea,Carrier A,2.68,327.3,5780.6,17,21,4,1786.16,6.2,0,0,3.07
4234,2025-04-17,Newark,Midwest,Road,Carrier A,3.74,363.8,298.9,1,1,0,440.97,9.4,1,0,5.0
4235,2025-09-05,Atlanta,Northeast,Road,Carrier A,4.49,763.5,895.1,2,1,-1,1139.15,4.5,1,0,5.0
4236,2025-12-31,Seattle,Midwest,Sea,Carrier B,3.98,832.1,513.0,2,1,-1,270.45,5.2,1,0,4.49
4237,2025-12-05,Atlanta,Southwest,Road,Carrier A,0.75,146.8,1355.5,3,4,1,1820.94,7.7,0,0,4.71
4238,2025-07-12,Chicago,Southwest,Rail,Carrier A,5.82,598.4,640.0,2,2,0,551.88,17.6,1,0,4.81
4239,2025-12-20,Chicago,Southwest,Road,Carrier B,2.85,412.4,1065.5,2,5,3,1501.18,8.5,0,0,3.75
4240,2025-02-27,Atlanta,Midwest,Road,Carrier A,0.21,28.2,285.6,2,2,0,333.63,4.7,1,1,3.64
4241,2025-06-12,Newark,Midwest,Rail,Carrier C,1.92,189.9,409.3,2,2,0,283.63,7.7,1,0,5.0
4242,2025-11-20,Newark,Northeast,Road,Carrier C,9.66,943.2,146.2,1,4,3,441.07,11.6,0,0,4.98
4243,2025-01-02,Los Angeles,Southwest,Road,Carrier C,1.86,328.9,1051.6,2,3,1,1368.02,13.9,0,0,4.41
4244,2025-09-13,Newark,Northeast,Road,Carrier B,2.03,445.2,622.5,2,3,1,786.88,6.7,0,0,4.59
4245,2025-05-23,Newark,West,Air,Carrier A,0.75,111.9,1100.6,2,1,-1,3890.44,3.5,1,0,4.96
4246,2025-01-23,Los Angeles,Midwest,Road,Carrier A,4.02,564.4,390.3,1,2,1,609.01,17.6,0,0,4.57
4247,2025-11-18,Newark,Northeast,Sea,Carrier C,1.39,185.5,465.4,2,1,-1,171.95,4.8,1,0,5.0
4248,2025-05-19,Chicago,International,Sea,Carrier C,6.21,659.3,4559.4,14,13,-1,1333.06,5.3,1,0,4.85
4249,2025-10-25,Atlanta,Southeast,Road,Carrier B,0.38,81.4,1154.9,3,3,0,1376.14,7.5,1,0,5.0
4250,2025-03-17,Atlanta,Midwest,Rail,Carrier D,8.33,1358.1,490.9,1,1,0,494.73,6.9,1,0,4.82
4251,2025-12-15,Dallas,Southwest,Road,Carrier D,1.32,264.5,873.6,2,1,-1,1155.58,3.8,1,0,5.0
4252,2025-03-18,Dallas,Southwest,Sea,Carrier B,1.51,179.9,1317.0,5,1,-4,384.35,6.5,1,0,4.92
4253,2025-11-15,Chicago,Southwest,Rail,Carrier B,3.04,609.4,1260.8,3,1,-2,954.09,10.7,1,0,5.0
4254,2025-06-08,Newark,Northeast,Road,Carrier D,6.39,1129.3,956.8,2,3,1,1381.82,14.7,0,0,4.28
4255,2025-06-09,Chicago,Southwest,Road,Carrier A,2.15,267.1,798.5,2,2,0,956.28,3.5,1,0,5.0
4256,2025-08-21,Los Angeles,West,Air,Carrier A,8.5,1714.7,1298.7,1,2,1,4966.62,7.3,0,0,4.76
4257,2025-10-24,Los Angeles,International,Sea,Carrier C,5.13,803.9,8369.4,25,23,-2,2602.84,17.8,1,0,5.0
4258,2025-02-19,Seattle,Southeast,Rail,Carrier C,2.61,511.2,1022.2,3,4,1,651.33,3.9,0,0,4.58
4259,2025-07-31,Dallas,Southwest,Road,Carrier D,2.08,288.5,890.1,2,3,1,1082.0,5.6,0,0,4.37
4260,2025-10-31,Chicago,Southeast,Road,Carrier A,11.38,1647.4,1014.7,3,4,1,1600.51,16.9,0,0,4.46
4261,2025-10-31,Dallas,Midwest,Sea,Carrier A,3.6,454.2,397.5,2,1,-1,188.05,6.8,1,0,5.0
4262,2025-01-11,Seattle,Southeast,Sea,Carrier A,4.67,606.7,865.3,3,5,2,352.53,11.3,0,0,4.16
4263,2025-04-15,Dallas,West,Road,Carrier A,3.08,499.0,1485.3,3,2,-1,1839.75,7.9,1,0,5.0
4264,2025-12-17,Atlanta,Southeast,Rail,Carrier C,4.08,627.9,638.6,2,4,2,530.43,6.7,0,0,4.47
4265,2025-01-23,Chicago,International,Rail,Carrier C,0.64,78.5,5227.3,12,10,-2,3368.1,16.6,1,0,4.7
4266,2025-06-02,Los Angeles,Northeast,Rail,Carrier A,1.01,196.8,1069.3,3,2,-1,688.56,12.3,1,0,4.41
4267,2025-06-18,Dallas,Southeast,Road,Carrier B,15.18,3066.5,1264.8,3,1,-2,1940.65,9.5,1,0,5.0
4268,2025-05-13,Newark,Southwest,Road,Carrier A,3.09,410.4,830.4,2,1,-1,1038.15,5.9,1,0,4.97
4269,2025-05-23,Los Angeles,Southeast,Road,Carrier A,10.11,1874.9,856.3,2,3,1,1354.68,14.1,0,0,4.76
4270,2025-10-19,Chicago,West,Road,Carrier C,7.05,1246.0,862.9,2,2,0,1285.89,15.1,1,0,5.0
4271,2025-11-14,Seattle,International,Rail,Carrier B,3.66,457.7,5182.3,11,11,0,3689.29,12.5,1,1,3.94
4272,2025-09-27,Atlanta,Northeast,Road,Carrier D,0.65,137.2,835.1,2,1,-1,967.9,3.5,1,0,4.99
4273,2025-07-22,Seattle,Southeast,Road,Carrier A,0.69,106.9,685.6,2,2,0,856.84,11.3,1,0,5.0
4274,2025-10-21,Dallas,Midwest,Road,Carrier B,4.0,328.0,456.4,2,3,1,621.24,7.4,0,0,4.06
4275,2025-01-19,Dallas,Midwest,Sea,Carrier B,5.37,815.3,328.0,2,1,-1,239.11,17.6,1,0,4.95
4276,2025-03-25,Chicago,Midwest,Rail,Carrier D,1.03,104.6,405.3,1,1,0,250.85,3.0,1,0,4.83
4277,2025-04-10,Dallas,West,Sea,Carrier A,3.17,666.6,1492.7,5,6,1,521.29,14.8,0,0,4.28
4278,2025-12-21,Chicago,International,Sea,Carrier D,5.34,1113.7,8959.6,26,30,4,3038.56,14.2,0,0,3.51
4279,2025-10-25,Chicago,Midwest,Rail,Carrier B,2.19,474.6,478.8,2,4,2,335.24,4.8,0,0,3.99
4280,2025-03-25,Atlanta,International,Rail,Carrier B,1.37,186.0,6103.7,14,13,-1,3949.02,16.6,1,0,4.95
4281,2025-10-10,Newark,Southeast,Air,Carrier D,0.79,102.7,963.6,1,1,0,3550.02,7.8,1,0,4.6
4282,2025-06-17,Los Angeles,West,Air,Carrier B,1.56,223.9,1545.5,1,1,0,5717.65,8.1,1,0,4.87
4283,2025-05-22,Dallas,Southeast,Road,Carrier B,6.89,1020.8,1081.8,2,2,0,1469.45,9.3,1,0,5.0
4284,2025-03-01,Atlanta,International,Sea,Carrier D,1.72,295.4,5214.9,16,17,1,1557.96,15.9,0,0,4.11
4285,2025-09-01,Atlanta,Southwest,Rail,Carrier D,2.56,425.0,747.3,3,4,1,550.28,16.9,0,0,4.14
4286,2025-07-20,Newark,Northeast,Air,Carrier B,2.47,280.6,609.6,1,1,0,2336.24,10.0,1,0,5.0
4287,2025-12-19,Atlanta,Southwest,Road,Carrier A,4.91,831.1,769.0,2,3,1,1250.69,16.2,0,0,4.31
4288,2025-11-06,Dallas,Midwest,Road,Carrier B,1.21,132.9,567.5,2,2,0,806.12,10.9,1,0,4.73
4289,2025-04-11,Atlanta,Southwest,Air,Carrier D,2.91,500.7,916.9,1,1,0,3431.58,7.7,1,0,4.79
4290,2025-02-05,Dallas,Northeast,Road,Carrier A,2.51,506.7,648.0,2,2,0,900.72,16.1,1,0,4.8
4291,2025-06-16,Dallas,Southeast,Sea,Carrier C,1.91,316.2,638.0,3,6,3,219.39,7.6,0,0,3.62
4292,2025-07-25,Seattle,Midwest,Road,Carrier B,2.05,218.5,512.1,2,2,0,644.8,6.6,1,0,5.0
4293,2025-07-20,Newark,Northeast,Road,Carrier C,5.49,497.6,975.2,3,5,2,1222.43,3.6,0,0,4.44
4294,2025-05-12,Dallas,Southeast,Air,Carrier A,4.62,425.2,513.3,1,1,0,2164.52,17.9,1,0,5.0
4295,2025-03-08,Atlanta,Northeast,Road,Carrier D,3.66,559.3,1237.1,3,3,0,1697.77,17.6,1,0,4.88
4296,2025-11-25,Los Angeles,Northeast,Road,Carrier C,0.62,84.7,876.6,2,3,1,1231.97,12.5,0,0,3.88
4297,2025-12-15,Los Angeles,Northeast,Road,Carrier D,3.7,625.3,1028.9,2,3,1,1472.55,7.9,0,0,4.57
4298,2025-03-31,Seattle,West,Road,Carrier C,8.48,1783.6,1369.5,3,3,0,1805.42,4.8,1,0,5.0
4299,2025-10-21,Newark,West,Air,Carrier D,3.98,467.4,1186.4,2,2,0,4507.82,9.5,1,0,5.0
4300,2025-09-22,Newark,Northeast,Air,Carrier A,5.98,1279.9,702.4,1,2,1,2783.52,9.5,0,0,4.36
4301,2025-04-02,Los Angeles,Northeast,Sea,Carrier B,1.53,311.9,990.8,4,6,2,316.37,10.5,0,0,3.56
4302,2025-05-25,Seattle,Southwest,Road,Carrier A,12.53,2067.9,767.7,3,3,0,1311.74,15.5,1,0,5.0
4303,2025-04-05,Dallas,West,Road,Carrier B,2.65,433.3,1669.5,4,4,0,2102.9,10.8,1,0,4.89
4304,2025-04-07,Dallas,Northeast,Road,Carrier D,0.37,66.0,620.7,2,2,0,787.69,13.9,1,0,4.75
4305,2025-03-10,Los Angeles,West,Road,Carrier D,2.39,249.0,1859.8,4,5,1,2393.53,14.3,0,0,4.45
4306,2025-08-02,Chicago,International,Air,Carrier B,4.7,938.0,5685.1,3,3,0,22130.36,13.8,1,0,5.0
4307,2025-07-16,Seattle,Northeast,Road,Carrier D,7.54,671.2,780.9,2,1,-1,1176.68,17.0,1,0,4.63
4308,2025-08-09,Dallas,Northeast,Air,Carrier B,2.85,422.6,891.2,1,2,1,3279.61,6.0,0,0,4.3
4309,2025-07-20,Newark,Northeast,Road,Carrier B,5.3,1111.2,810.1,2,3,1,1062.13,3.5,0,0,5.0
4310,2025-04-13,Atlanta,Midwest,Road,Carrier C,1.72,293.6,657.0,2,1,-1,820.45,7.5,1,0,5.0
4311,2025-01-27,Atlanta,Midwest,Road,Carrier C,0.85,144.8,360.8,2,2,0,487.69,17.0,1,0,5.0
4312,2025-05-13,Atlanta,Southwest,Road,Carrier D,2.13,405.2,1004.8,3,2,-1,1244.25,7.5,1,0,4.94
4313,2025-04-07,Dallas,West,Road,Carrier C,8.28,1033.3,1187.6,2,2,0,1735.7,17.1,1,0,5.0
4314,2025-01-14,Dallas,International,Air,Carrier B,5.17,427.4,4985.0,2,2,0,19758.48,15.9,1,0,5.0
4315,2025-02-06,Los Angeles,Southeast,Road,Carrier B,4.62,513.3,765.5,2,1,-1,1030.77,10.0,1,0,4.71
4316,2025-05-03,Dallas,West,Road,Carrier C,5.71,524.1,1198.5,3,2,-1,1569.02,9.7,1,0,4.4
4317,2025-06-08,Dallas,Southwest,Sea,Carrier B,2.83,599.3,1094.6,4,1,-3,401.48,16.0,1,0,5.0
4318,2025-11-19,Newark,Northeast,Road,Carrier B,0.82,171.8,964.8,2,1,-1,1261.86,4.1,1,0,4.99
4319,2025-10-31,Atlanta,West,Road,Carrier A,0.37,44.4,1243.8,3,2,-1,1576.85,14.6,1,0,4.93
4320,2025-12-15,Newark,Midwest,Air,Carrier C,0.95,170.3,545.4,1,2,1,2381.88,13.3,0,0,4.96
4321,2025-07-13,Los Angeles,Southeast,Air,Carrier A,1.79,311.6,543.8,1,1,0,1976.52,4.5,1,0,4.54
4322,2025-11-10,Seattle,International,Air,Carrier A,0.55,51.9,7428.8,2,2,0,30734.8,8.6,1,0,5.0
4323,2025-11-02,Atlanta,West,Rail,Carrier C,7.78,905.1,1543.2,4,6,2,1323.24,16.9,0,0,3.74
4324,2025-07-11,Dallas,International,Rail,Carrier A,4.39,685.3,4751.3,11,12,1,3093.19,14.0,0,0,4.46
4325,2025-01-08,Los Angeles,Southeast,Air,Carrier C,1.87,369.8,942.0,2,2,0,3632.85,11.8,1,0,4.97
4326,2025-11-09,Los Angeles,Southeast,Road,Carrier B,1.91,368.8,432.7,2,5,3,687.24,17.3,0,0,3.48
4327,2025-02-27,Chicago,Southeast,Road,Carrier C,5.96,1142.7,748.3,2,2,0,1134.54,17.0,1,0,4.9
4328,2025-02-21,Los Angeles,Midwest,Sea,Carrier B,3.24,436.3,486.6,2,5,3,210.72,9.7,0,0,3.42
4329,2025-10-30,Dallas,West,Air,Carrier A,8.02,1287.5,1183.3,1,1,0,4624.56,9.9,1,0,4.69
4330,2025-04-03,Dallas,Midwest,Road,Carrier B,3.88,558.1,620.8,2,1,-1,848.22,10.3,1,0,4.74
4331,2025-12-01,Seattle,Midwest,Air,Carrier A,7.53,807.2,660.2,1,2,1,3134.44,16.7,0,0,5.0
4332,2025-06-07,Seattle,Southwest,Sea,Carrier A,1.76,361.1,640.1,2,6,4,228.98,12.0,0,0,3.37
4333,2025-03-25,Seattle,Southwest,Air,Carrier B,3.33,353.4,557.1,1,1,0,2214.8,12.9,1,0,4.92
4334,2025-06-10,Newark,International,Sea,Carrier B,4.72,901.2,5578.4,17,16,-1,1691.67,12.0,1,0,5.0
4335,2025-07-14,Atlanta,Northeast,Road,Carrier B,0.84,108.6,371.2,2,5,3,455.79,6.9,0,0,3.64
4336,2025-10-20,Newark,West,Road,Carrier B,1.72,201.1,1769.3,4,2,-2,2073.3,4.6,1,0,4.89
4337,2025-06-13,Newark,Southeast,Road,Carrier C,12.82,2076.8,966.2,3,2,-1,1454.15,7.0,1,0,5.0
4338,2025-06-08,Los Angeles,Southwest,Road,Carrier A,4.17,471.0,814.9,3,2,-1,1125.99,14.6,1,0,5.0
4339,2025-04-11,Dallas,International,Sea,Carrier C,1.23,252.5,7622.9,22,22,0,2039.47,5.3,1,0,4.99
4340,2025-03-01,Newark,Midwest,Sea,Carrier B,2.27,297.6,274.6,2,3,1,137.54,17.0,0,0,4.13
4341,2025-03-07,Dallas,Midwest,Road,Carrier C,6.58,704.6,573.8,2,2,0,810.35,5.9,1,0,5.0
4342,2025-01-02,Los Angeles,Southeast,Air,Carrier B,2.17,359.3,961.2,1,1,0,3640.48,9.7,1,0,5.0
4343,2025-10-18,Atlanta,Southwest,Road,Carrier B,1.26,160.9,896.1,2,4,2,1099.72,8.6,0,0,3.65
4344,2025-08-08,Seattle,Northeast,Air,Carrier D,2.69,405.2,516.4,2,2,0,2039.83,12.3,1,0,5.0
4345,2025-02-23,Dallas,Midwest,Air,Carrier B,3.72,375.1,441.4,1,1,0,1717.25,9.0,1,0,4.49
4346,2025-09-02,Los Angeles,Southwest,Road,Carrier D,0.65,102.1,1317.4,3,3,0,1712.91,17.0,1,0,4.77
4347,2025-12-11,Seattle,Northeast,Road,Carrier B,4.75,624.1,494.9,2,2,0,807.78,11.5,1,0,4.76
4348,2025-07-15,Atlanta,Southwest,Sea,Carrier D,6.38,1150.0,913.9,4,1,-3,404.54,6.0,1,0,5.0
4349,2025-05-19,Dallas,Southeast,Air,Carrier B,3.7,587.2,937.0,2,2,0,3476.88,6.3,1,0,4.38
4350,2025-11-13,Dallas,International,Sea,Carrier B,4.13,602.6,6654.4,20,20,0,2151.15,9.4,1,0,5.0
4351,2025-04-18,Los Angeles,Southeast,Road,Carrier A,4.43,390.1,1002.5,2,2,0,1280.24,7.7,1,0,4.67
4352,2025-10-25,Seattle,Midwest,Road,Carrier B,12.11,1024.0,398.9,2,2,0,781.82,16.4,1,0,5.0
4353,2025-02-20,Atlanta,Southwest,Road,Carrier D,4.0,643.0,1392.1,3,2,-1,1776.12,9.4,1,0,5.0
4354,2025-07-30,Newark,Southeast,Road,Carrier A,0.94,130.5,840.6,2,2,0,1088.89,15.2,1,0,5.0
4355,2025-05-07,Newark,Southeast,Air,Carrier A,4.24,454.1,739.4,1,2,1,3050.23,17.3,0,0,4.13
4356,2025-02-04,Chicago,Southwest,Air,Carrier A,2.62,324.4,919.3,1,1,0,3737.82,17.5,1,0,4.7
4357,2025-11-08,Chicago,Southeast,Rail,Carrier A,3.98,766.2,1151.0,3,4,1,893.34,9.1,0,0,4.23
4358,2025-05-15,Dallas,Northeast,Road,Carrier A,5.27,599.8,719.1,2,2,0,1059.39,17.7,1,0,5.0
4359,2025-10-27,Newark,Southeast,Air,Carrier A,3.35,481.3,1014.8,1,1,0,3873.58,9.9,1,0,4.14
4360,2025-02-13,Dallas,West,Air,Carrier A,5.13,696.3,1355.7,1,1,0,5113.15,8.3,1,0,5.0
4361,2025-01-15,Newark,Northeast,Road,Carrier B,0.23,28.9,555.9,1,1,0,699.6,13.5,1,0,5.0
4362,2025-03-12,Atlanta,Southwest,Rail,Carrier B,0.79,139.6,972.4,3,2,-1,634.43,14.6,1,0,5.0
4363,2025-09-14,Dallas,Midwest,Road,Carrier D,4.04,379.6,418.5,2,1,-1,563.19,4.3,1,0,5.0
4364,2025-09-06,Los Angeles,Southeast,Road,Carrier B,1.36,269.1,875.2,3,3,0,1071.42,7.5,1,0,4.26
4365,2025-02-16,Atlanta,West,Road,Carrier A,4.37,769.4,1008.0,2,2,0,1299.0,7.1,1,0,5.0
4366,2025-02-02,Chicago,Southeast,Road,Carrier C,2.49,494.3,894.7,3,4,1,1082.83,3.5,0,0,4.55
4367,2025-03-10,Seattle,Midwest,Air,Carrier B,1.1,214.2,546.8,1,1,0,2063.59,9.4,1,0,5.0
4368,2025-11-25,Seattle,International,Sea,Carrier A,3.98,785.0,8128.5,24,24,0,2680.41,12.3,1,0,5.0
4369,2025-02-19,Chicago,Southeast,Road,Carrier C,8.32,1660.0,831.1,3,5,2,1217.31,8.5,0,0,4.02
4370,2025-01-27,Atlanta,Southwest,Rail,Carrier D,2.21,387.6,997.3,3,5,2,688.74,14.6,0,0,4.42
4371,2025-09-01,Dallas,Northeast,Air,Carrier A,0.16,26.6,785.8,1,2,1,3143.74,17.5,0,0,5.0
4372,2025-03-06,Seattle,Southeast,Road,Carrier A,4.64,653.9,679.1,2,1,-1,931.7,9.7,1,0,4.74
4373,2025-07-03,Atlanta,Southwest,Road,Carrier A,0.88,125.2,761.3,3,3,0,993.24,15.9,1,0,4.96
4374,2025-09-15,Atlanta,Southwest,Air,Carrier C,2.22,386.0,1178.2,1,2,1,4772.77,17.6,0,0,4.9
4375,2025-02-19,Chicago,Southeast,Air,Carrier A,6.74,1260.9,1124.5,2,2,0,4553.71,14.2,1,0,5.0
4376,2025-12-27,Los Angeles,Midwest,Road,Carrier C,3.41,642.6,640.6,2,2,0,940.61,6.6,1,0,4.79
4377,2025-12-26,Newark,Southeast,Road,Carrier A,0.82,148.7,847.1,2,4,2,1207.59,13.3,0,0,3.85
4378,2025-08-26,Los Angeles,Northeast,Road,Carrier A,1.32,113.6,1093.1,2,3,1,1277.02,4.0,0,0,4.21
4379,2025-10-02,Dallas,Northeast,Road,Carrier D,11.06,2323.4,1083.7,3,1,-2,1592.04,8.0,1,0,5.0
4380,2025-11-23,Seattle,Southeast,Road,Carrier D,2.0,248.9,768.2,2,2,0,1058.58,6.5,1,0,5.0
4381,2025-09-02,Chicago,Southeast,Road,Carrier C,1.65,323.5,794.6,2,2,0,998.33,9.1,1,0,5.0
4382,2025-05-05,Dallas,Southeast,Rail,Carrier B,4.15,434.9,932.1,3,3,0,685.56,14.9,1,0,5.0
4383,2025-09-29,Atlanta,Southwest,Road,Carrier B,8.27,906.4,1101.0,3,4,1,1558.63,12.9,0,0,5.0
4384,2025-05-18,Seattle,International,Sea,Carrier A,3.41,616.6,3461.3,11,13,2,1115.93,17.8,0,0,4.24
4385,2025-09-21,Dallas,West,Road,Carrier B,1.27,181.5,1548.6,4,4,0,1970.51,13.8,1,0,4.54
4386,2025-09-20,Chicago,Northeast,Road,Carrier D,3.06,268.7,1035.6,3,1,-2,1319.54,10.1,1,0,4.9
4387,2025-05-13,Newark,International,Rail,Carrier C,4.11,405.4,7580.9,16,15,-1,4753.06,11.8,1,0,5.0
4388,2025-02-15,Los Angeles,International,Air,Carrier C,0.98,210.6,7216.6,3,4,1,25347.85,3.2,0,0,4.31
4389,2025-06-18,Atlanta,Southeast,Road,Carrier C,0.47,67.7,877.9,3,3,0,1011.21,3.6,1,0,5.0
4390,2025-06-04,Atlanta,Northeast,Road,Carrier A,2.54,409.9,919.7,3,3,0,1108.91,3.6,1,0,5.0
4391,2025-12-31,Newark,Northeast,Road,Carrier A,21.16,3665.0,918.4,2,4,2,1991.69,17.7,0,0,3.79
4392,2025-10-21,Atlanta,Southeast,Road,Carrier C,1.14,232.3,1058.5,3,3,0,1292.19,8.3,1,0,5.0
4393,2025-07-09,Dallas,Midwest,Sea,Carrier A,1.37,193.0,613.5,3,2,-1,200.26,9.1,1,0,4.56
4394,2025-09-24,Seattle,Northeast,Air,Carrier C,1.91,403.2,414.9,1,1,0,1523.81,4.4,1,0,5.0
4395,2025-04-01,Chicago,International,Sea,Carrier B,2.12,349.2,4876.3,15,15,0,1376.16,8.5,1,0,5.0
4396,2025-01-19,Chicago,Northeast,Rail,Carrier B,1.21,130.5,638.5,2,1,-1,411.52,9.5,1,0,4.87
4397,2025-07-08,Atlanta,Southwest,Road,Carrier D,4.98,409.1,1080.0,3,2,-1,1390.93,8.4,1,0,5.0
4398,2025-11-18,Newark,Southeast,Air,Carrier C,3.83,575.8,622.0,1,2,1,2827.6,14.7,0,1,3.24
4399,2025-10-28,Chicago,Northeast,Road,Carrier D,1.8,333.3,964.2,3,2,-1,1207.01,9.3,1,0,5.0
4400,2025-04-17,Chicago,Southwest,Road,Carrier A,9.98,1540.2,1055.3,3,3,0,1527.66,10.1,1,0,5.0
4401,2025-04-28,Dallas,Southwest,Road,Carrier B,5.78,1042.5,1203.3,3,3,0,1613.11,10.3,1,0,4.47
4402,2025-05-07,Seattle,West,Sea,Carrier B,8.16,1615.2,1596.8,6,2,-4,661.45,9.8,1,0,4.81
4403,2025-04-09,Dallas,Southwest,Road,Carrier B,3.38,523.0,703.9,2,1,-1,935.46,9.9,1,0,5.0
4404,2025-10-22,Chicago,Southwest,Rail,Carrier A,5.01,1007.4,1207.4,3,5,2,885.85,12.2,0,0,2.92
4405,2025-06-08,Dallas,Northeast,Rail,Carrier A,1.69,154.3,627.2,2,2,0,413.21,9.3,1,0,4.63
4406,2025-01-18,Los Angeles,Northeast,Road,Carrier D,2.18,189.0,725.1,2,1,-1,960.69,14.4,1,0,4.98
4407,2025-07-16,Dallas,Midwest,Road,Carrier A,0.95,118.0,529.5,2,2,0,643.53,6.8,1,0,4.56
4408,2025-06-14,Newark,Southwest,Road,Carrier A,2.78,366.2,986.2,2,1,-1,1294.8,13.1,1,0,4.94
4409,2025-06-19,Dallas,Midwest,Rail,Carrier B,5.07,722.5,489.4,2,2,0,413.34,8.4,1,0,4.68
4410,2025-02-20,Seattle,Midwest,Sea,Carrier B,3.17,401.2,317.9,2,3,1,164.26,11.7,0,0,5.0
4411,2025-06-26,Dallas,Southwest,Air,Carrier A,0.29,28.9,1290.0,1,1,0,4976.03,13.3,1,0,4.84
4412,2025-06-08,Seattle,Southwest,Road,Carrier D,4.28,924.8,1124.1,3,3,0,1586.69,17.8,1,0,5.0
4413,2025-09-23,Chicago,West,Sea,Carrier A,1.12,236.0,1136.2,5,6,1,357.37,14.3,0,0,4.21
4414,2025-01-18,Dallas,Midwest,Road,Carrier B,6.4,527.2,323.8,2,2,0,529.64,10.7,1,0,4.82
4415,2025-02-25,Newark,Southwest,Air,Carrier B,5.88,1158.7,1103.7,1,2,1,4514.71,15.8,0,0,4.13
4416,2025-07-22,Chicago,Southwest,Sea,Carrier D,5.23,1024.5,993.4,4,2,-2,433.9,14.8,1,0,5.0
4417,2025-06-01,Chicago,Northeast,Road,Carrier B,4.13,755.7,537.6,2,1,-1,760.78,10.1,1,0,4.89
4418,2025-06-18,Chicago,Northeast,Rail,Carrier D,1.83,202.3,624.1,2,2,0,417.04,9.5,1,0,4.78
4419,2025-10-07,Dallas,Northeast,Road,Carrier A,1.95,357.5,468.0,2,4,2,592.81,5.5,0,0,4.07
4420,2025-06-11,Seattle,Northeast,Sea,Carrier C,0.49,66.8,801.8,3,7,4,238.39,12.9,0,0,3.24
4421,2025-03-21,Newark,International,Air,Carrier B,1.15,122.4,3653.9,2,2,0,13367.74,7.4,1,0,4.84
4422,2025-05-15,Dallas,Southeast,Road,Carrier C,8.25,1385.1,984.3,2,1,-1,1343.32,5.3,1,0,4.9
4423,2025-04-13,Seattle,International,Rail,Carrier D,2.37,372.4,7129.2,15,13,-2,4189.87,5.4,1,0,5.0
4424,2025-08-16,Chicago,West,Road,Carrier A,5.57,593.9,1643.0,3,2,-1,2229.77,16.1,1,0,5.0
4425,2025-08-06,Newark,Southeast,Road,Carrier B,4.6,798.8,759.6,2,2,0,1052.11,11.4,1,0,4.88
4426,2025-12-22,Dallas,International,Air,Carrier A,11.71,2027.7,4271.1,2,3,1,18082.86,9.1,0,0,4.06
4427,2025-01-04,Los Angeles,Southeast,Air,Carrier C,3.57,627.1,559.0,1,1,0,2277.36,14.7,1,0,5.0
4428,2025-08-25,Dallas,West,Road,Carrier A,1.95,245.4,943.1,2,2,0,1268.88,17.6,1,0,5.0
4429,2025-01-05,Chicago,Southeast,Air,Carrier C,3.86,339.4,720.7,2,2,0,2815.68,11.5,1,0,5.0
4430,2025-05-23,Atlanta,Southeast,Road,Carrier A,4.89,866.9,492.1,1,1,0,698.81,6.2,1,0,4.53
4431,2025-02-14,Seattle,Southeast,Road,Carrier D,3.14,500.2,876.5,2,3,1,1176.19,13.5,0,0,4.34
4432,2025-07-13,Los Angeles,Northeast,Air,Carrier B,2.43,262.3,821.9,1,2,1,3353.16,17.9,0,0,3.69
4433,2025-03-20,Los Angeles,West,Air,Carrier A,6.75,737.1,821.4,1,1,0,3282.69,12.0,1,0,5.0
4434,2025-03-14,Seattle,Southeast,Air,Carrier A,2.71,307.9,938.1,2,2,0,3394.91,4.6,1,0,4.46
4435,2025-08-16,Los Angeles,Southeast,Road,Carrier B,0.35,47.2,744.4,2,1,-1,925.61,12.0,1,0,5.0
4436,2025-07-07,Seattle,Midwest,Sea,Carrier A,3.12,548.9,637.9,3,6,3,247.55,5.9,0,0,3.96
4437,2025-06-05,Dallas,Southwest,Road,Carrier D,3.78,737.8,1407.0,3,4,1,1892.31,15.3,0,0,5.0
4438,2025-07-06,Newark,Southeast,Air,Carrier D,5.71,1235.2,1011.3,2,2,0,4155.84,15.9,1,0,5.0
4439,2025-08-12,Dallas,Midwest,Road,Carrier B,1.32,110.9,627.0,2,2,0,833.81,16.6,1,0,4.52
4440,2025-03-16,Los Angeles,International,Sea,Carrier A,8.34,1279.9,6266.2,19,20,1,1934.8,10.2,0,0,4.35
4441,2025-06-21,Seattle,Southwest,Air,Carrier D,2.35,493.2,1003.5,1,1,0,4072.43,17.3,1,0,5.0
4442,2025-08-29,Dallas,Northeast,Road,Carrier A,4.11,640.0,827.5,2,2,0,1095.21,9.1,1,0,5.0
4443,2025-02-17,Dallas,Southwest,Road,Carrier C,11.44,1161.3,1143.3,3,2,-1,1713.31,15.2,1,0,4.64
4444,2025-12-04,Newark,Southeast,Air,Carrier A,4.38,578.8,731.0,1,2,1,3375.21,16.8,0,0,5.0
4445,2025-05-25,Newark,Southeast,Road,Carrier A,2.75,544.0,1093.1,3,3,0,1417.12,11.5,1,0,5.0
4446,2025-04-10,Chicago,Midwest,Road,Carrier C,2.36,391.0,562.6,2,2,0,767.53,13.9,1,1,2.99
4447,2025-11-06,Atlanta,West,Air,Carrier B,0.9,123.0,1617.6,1,2,1,7004.26,13.3,0,0,4.27
4448,2025-07-02,Los Angeles,Midwest,Road,Carrier A,5.01,902.0,687.6,2,2,0,1007.33,14.9,1,0,5.0
4449,2025-10-30,Dallas,Northeast,Road,Carrier C,4.12,573.9,884.7,3,2,-1,1212.63,14.0,1,0,5.0
4450,2025-04-29,Seattle,Northeast,Road,Carrier C,2.97,588.8,883.0,3,4,1,1208.38,15.6,0,0,4.46
4451,2025-09-21,Newark,West,Air,Carrier A,6.92,1440.3,1515.4,1,2,1,5578.46,4.7,0,0,5.0
4452,2025-08-16,Chicago,Southeast,Road,Carrier A,6.03,741.2,429.8,2,3,1,644.11,7.3,0,0,3.85
4453,2025-05-03,Atlanta,West,Air,Carrier A,3.28,701.6,1537.8,1,1,0,6125.64,15.3,1,0,5.0
4454,2025-09-24,Los Angeles,International,Sea,Carrier A,3.91,652.9,7583.4,23,24,1,2328.86,17.2,0,0,4.88
4455,2025-09-12,Dallas,Southeast,Sea,Carrier B,1.12,110.3,1055.2,4,3,-1,302.78,5.8,1,0,4.37
4456,2025-02-06,Seattle,Midwest,Road,Carrier A,4.21,547.9,493.9,1,1,0,716.83,13.1,1,0,5.0
4457,2025-07-22,Atlanta,West,Road,Carrier C,2.88,587.4,1525.5,3,4,1,2064.07,17.9,0,0,4.4
4458,2025-12-11,Chicago,Northeast,Road,Carrier A,4.29,603.9,897.1,3,5,2,1360.06,12.3,0,0,4.05
4459,2025-03-22,Dallas,Southeast,Sea,Carrier C,0.25,47.8,1152.1,5,5,0,307.11,4.4,1,0,4.41
4460,2025-10-10,Atlanta,Southeast,Air,Carrier D,0.33,62.7,1291.9,2,1,-1,4536.79,3.1,1,0,4.98
4461,2025-04-16,Newark,Northeast,Air,Carrier B,0.67,56.7,1238.4,1,1,0,4392.26,4.0,1,0,5.0
4462,2025-07-24,Los Angeles,West,Road,Carrier B,4.87,525.2,1961.2,4,4,0,2369.48,5.0,1,0,5.0
4463,2025-09-08,Atlanta,Southwest,Road,Carrier A,5.88,1037.1,1076.6,3,4,1,1422.24,7.4,0,0,4.53
4464,2025-12-30,Seattle,International,Sea,Carrier A,4.53,898.6,8538.4,25,22,-3,2635.52,4.7,1,0,4.61
4465,2025-11-08,Los Angeles,International,Sea,Carrier D,9.01,1187.0,5092.9,16,14,-2,1926.63,17.2,1,0,4.74
4466,2025-02-25,Los Angeles,Midwest,Road,Carrier B,1.84,250.4,398.1,2,2,0,514.82,7.7,1,0,5.0
4467,2025-06-27,Dallas,Midwest,Air,Carrier B,6.52,952.0,267.4,1,1,0,1205.53,14.3,1,0,5.0
4468,2025-05-18,Chicago,Southwest,Sea,Carrier A,10.83,1991.2,1534.9,6,3,-3,710.92,10.1,1,0,5.0
4469,2025-03-31,Chicago,Southeast,Road,Carrier C,1.07,189.4,1003.4,3,2,-1,1201.54,6.4,1,0,4.82
4470,2025-05-30,Atlanta,Midwest,Road,Carrier A,3.79,482.1,499.5,2,3,1,711.08,12.8,0,0,4.11
4471,2025-12-25,Seattle,Southwest,Road,Carrier A,7.65,1275.5,1387.6,3,4,1,2041.32,6.9,0,0,4.68
4472,2025-09-25,Atlanta,West,Road,Carrier B,0.13,20.6,1716.2,4,3,-1,2193.31,16.0,1,0,5.0
4473,2025-11-10,Newark,Northeast,Road,Carrier C,4.46,862.0,757.4,2,3,1,1222.12,15.7,0,0,4.62
4474,2025-01-09,Newark,Midwest,Road,Carrier A,2.23,452.4,459.0,2,2,0,649.69,15.8,1,0,5.0
4475,2025-06-08,Dallas,West,Road,Carrier A,3.52,587.5,1690.5,4,4,0,2048.53,5.5,1,0,5.0
4476,2025-08-06,Newark,Southwest,Road,Carrier D,1.21,105.3,1317.7,2,1,-1,1599.5,8.6,1,0,4.84
4477,2025-01-03,Los Angeles,West,Road,Carrier C,0.25,52.5,1062.5,2,3,1,1251.45,6.5,0,0,5.0
4478,2025-09-25,Newark,West,Rail,Carrier A,4.39,662.5,1842.8,5,5,0,1161.51,4.4,1,0,5.0
4479,2025-03-24,Dallas,Northeast,Sea,Carrier C,0.46,91.4,569.8,3,7,4,170.0,10.4,0,0,2.81
4480,2025-10-05,Chicago,Southwest,Road,Carrier C,0.88,119.8,1101.8,3,4,1,1324.72,7.6,0,0,4.36
4481,2025-09-24,Chicago,West,Road,Carrier C,2.53,354.1,1614.3,3,2,-1,2144.59,17.1,1,1,4.17
4482,2025-08-27,Seattle,Northeast,Road,Carrier B,1.41,165.6,626.0,2,1,-1,829.4,15.5,1,0,4.71
4483,2025-12-24,Chicago,International,Sea,Carrier C,2.14,258.2,4569.5,14,14,0,1501.45,12.9,1,0,4.03
4484,2025-02-21,Newark,Northeast,Sea,Carrier B,2.47,263.0,845.8,3,6,3,304.86,16.5,0,0,3.86
4485,2025-03-09,Newark,Midwest,Road,Carrier A,2.38,444.4,413.2,1,1,0,577.94,12.8,1,0,5.0
4486,2025-09-03,Chicago,West,Road,Carrier A,0.65,89.9,1761.8,3,4,1,2104.57,7.8,0,0,4.51
4487,2025-01-06,Dallas,West,Rail,Carrier C,2.5,247.9,1858.8,4,4,0,1209.53,12.8,1,0,4.49
4488,2025-10-25,Seattle,Southwest,Road,Carrier D,1.61,148.7,1336.5,3,4,1,1614.26,7.5,0,0,4.79
4489,2025-03-20,Atlanta,Northeast,Road,Carrier A,2.78,256.6,451.6,2,3,1,632.84,14.8,0,0,4.45
4490,2025-11-27,Dallas,Southeast,Sea,Carrier B,1.49,142.3,1019.5,4,3,-1,356.66,12.0,1,0,5.0
4491,2025-12-07,Dallas,Southeast,Sea,Carrier D,3.85,664.3,1037.8,4,6,2,432.49,10.2,0,0,4.81
4492,2025-01-19,Chicago,West,Rail,Carrier A,3.19,274.3,1408.9,4,2,-2,923.44,10.4,1,0,5.0
4493,2025-01-19,Chicago,Southwest,Sea,Carrier B,3.83,565.2,1020.7,4,7,3,362.36,6.3,0,0,3.78
4494,2025-01-10,Chicago,Northeast,Road,Carrier C,2.68,309.3,835.1,2,4,2,1073.64,10.2,0,0,4.35
4495,2025-06-29,Seattle,Northeast,Rail,Carrier B,0.85,102.7,1108.2,3,5,2,712.76,13.6,0,0,4.07
4496,2025-09-10,Chicago,Midwest,Rail,Carrier B,5.82,1221.3,405.3,2,1,-1,406.47,9.5,1,0,5.0
4497,2025-10-09,Dallas,Northeast,Sea,Carrier A,5.14,630.5,718.2,3,1,-2,302.91,5.1,1,0,5.0
4498,2025-08-14,Newark,West,Road,Carrier A,4.72,757.5,1381.4,3,2,-1,1919.56,17.9,1,0,5.0
4499,2025-12-14,Newark,Midwest,Sea,Carrier A,1.68,238.0,486.1,2,7,5,195.28,9.9,0,0,3.28
4500,2025-03-13,Newark,West,Road,Carrier A,1.43,224.8,1197.8,3,3,0,1462.48,8.3,1,0,4.73
4501,2025-02-26,Los Angeles,West,Rail,Carrier A,1.82,327.8,2555.6,6,9,3,1594.15,10.0,0,0,3.26
4502,2025-07-10,Dallas,Southeast,Rail,Carrier A,4.84,673.6,1106.6,4,6,2,830.78,16.2,0,0,3.75
4503,2025-12-15,Dallas,Midwest,Air,Carrier D,0.52,69.9,398.6,1,2,1,1749.21,14.3,0,0,4.78
4504,2025-04-19,Los Angeles,Midwest,Air,Carrier C,5.01,458.6,529.6,1,1,0,1989.79,4.8,1,0,5.0
4505,2025-09-12,Seattle,West,Road,Carrier C,1.39,243.5,1439.9,3,1,-2,1747.9,8.1,1,0,5.0
4506,2025-04-30,Seattle,Southeast,Sea,Carrier B,0.72,69.4,456.5,3,1,-2,145.87,13.6,1,0,4.79
4507,2025-04-02,Newark,West,Road,Carrier A,1.7,180.8,1641.5,3,4,1,2154.89,17.1,0,0,4.34
4508,2025-09-14,Atlanta,Northeast,Air,Carrier A,0.53,69.8,548.5,2,2,0,1990.92,6.1,1,0,4.84
4509,2025-12-19,Seattle,Southeast,Sea,Carrier A,2.17,405.1,718.0,3,1,-2,284.43,9.3,1,0,4.52
4510,2025-07-08,Dallas,Northeast,Rail,Carrier B,2.42,195.8,1113.3,3,2,-1,774.31,17.6,1,0,4.57
4511,2025-01-30,Dallas,Southeast,Sea,Carrier D,4.82,454.1,739.9,3,2,-1,326.53,16.6,1,0,4.98
4512,2025-01-14,Chicago,Southeast,Road,Carrier A,3.73,329.3,887.3,3,4,1,1098.77,4.8,0,0,5.0
4513,2025-07-04,Chicago,West,Air,Carrier C,6.89,1414.3,1365.0,2,2,0,4973.89,3.3,1,0,4.81
4514,2025-01-20,Seattle,West,Road,Carrier D,4.24,540.8,1835.5,3,3,0,2219.41,5.2,1,0,4.7
4515,2025-04-10,Atlanta,Midwest,Road,Carrier B,6.11,1027.6,485.6,2,2,0,747.68,10.4,1,0,4.89
4516,2025-03-05,Newark,Northeast,Rail,Carrier C,1.93,310.8,726.4,2,1,-1,480.81,8.3,1,0,4.93
4517,2025-10-16,Los Angeles,Midwest,Road,Carrier C,5.4,854.3,741.1,2,3,1,1075.1,14.5,0,0,4.74
4518,2025-06-01,Atlanta,Southeast,Road,Carrier B,1.41,238.5,446.9,1,1,0,594.42,13.3,1,0,4.88
4519,2025-04-11,Dallas,West,Road,Carrier B,2.64,332.8,1293.8,3,3,0,1599.21,8.1,1,0,5.0
4520,2025-09-21,Seattle,Midwest,Air,Carrier A,9.66,1250.8,683.8,1,2,1,2821.14,11.4,0,0,4.5
4521,2025-09-21,Atlanta,Southeast,Road,Carrier C,2.19,432.3,812.6,2,2,0,1094.28,15.4,1,0,5.0
4522,2025-07-06,Newark,Midwest,Road,Carrier B,0.42,59.2,563.1,2,2,0,704.03,12.0,1,0,5.0
4523,2025-11-09,Chicago,Southeast,Rail,Carrier A,0.38,75.4,815.4,3,5,2,588.9,14.8,0,0,4.54
4524,2025-01-21,Dallas,Southeast,Road,Carrier C,4.39,935.0,692.9,2,3,1,961.42,9.9,0,0,5.0
4525,2025-08-10,Dallas,Southwest,Sea,Carrier A,3.0,404.4,1062.5,4,4,0,351.09,6.1,1,0,4.79
4526,2025-06-25,Seattle,International,Sea,Carrier B,8.57,1636.0,4267.9,13,13,0,1316.9,3.1,1,0,4.38
4527,2025-07-25,Los Angeles,International,Air,Carrier B,0.9,139.4,4878.3,2,3,1,18117.72,9.1,0,1,3.18
4528,2025-11-23,Newark,West,Road,Carrier D,0.5,73.4,1754.3,3,3,0,2378.04,9.4,1,0,5.0
4529,2025-08-23,Seattle,Southwest,Road,Carrier A,1.94,334.5,1391.1,3,3,0,1799.88,14.2,1,0,4.85
4530,2025-01-23,Seattle,Midwest,Road,Carrier A,2.2,238.7,603.0,2,3,1,734.47,3.7,0,0,5.0
4531,2025-11-03,Los Angeles,International,Rail,Carrier C,2.89,446.2,5334.8,12,13,1,3510.96,4.5,0,0,5.0
4532,2025-03-04,Atlanta,West,Road,Carrier A,2.63,375.5,1177.7,2,2,0,1525.6,12.7,1,0,4.92
4533,2025-09-04,Seattle,West,Road,Carrier A,4.71,663.5,1011.8,2,2,0,1336.08,9.8,1,0,4.91
4534,2025-04-02,Los Angeles,Southwest,Road,Carrier B,9.28,1801.0,1194.3,3,2,-1,1638.74,6.2,1,0,5.0
4535,2025-04-17,Chicago,Southwest,Road,Carrier C,8.59,822.5,999.1,2,1,-1,1310.8,3.3,1,0,5.0
4536,2025-01-20,Los Angeles,Midwest,Sea,Carrier B,1.97,205.7,363.8,2,7,5,137.96,5.5,0,0,2.73
4537,2025-04-08,Newark,Northeast,Rail,Carrier D,5.4,512.0,922.2,3,3,0,700.35,14.1,1,0,4.98
4538,2025-10-24,Los Angeles,Southwest,Road,Carrier C,1.65,210.2,823.9,2,3,1,999.08,6.1,0,0,4.61
4539,2025-07-22,Los Angeles,Northeast,Road,Carrier A,1.93,315.2,739.9,2,3,1,1001.16,16.6,0,0,4.17
4540,2025-03-13,Newark,Northeast,Road,Carrier A,3.89,446.9,850.5,2,2,0,1127.1,10.9,1,0,5.0
4541,2025-08-01,Los Angeles,Midwest,Road,Carrier A,5.06,1004.9,641.8,2,1,-1,858.74,3.2,1,0,5.0
4542,2025-01-28,Newark,Midwest,Road,Carrier A,1.46,265.9,489.5,2,1,-1,654.04,14.0,1,0,4.41
4543,2025-02-12,Los Angeles,Northeast,Road,Carrier B,2.99,614.9,986.8,2,1,-1,1207.47,4.0,1,0,4.68
4544,2025-08-23,Chicago,Southeast,Sea,Carrier B,0.27,32.2,1263.2,4,9,5,370.58,15.3,0,0,2.04
4545,2025-12-08,Los Angeles,International,Air,Carrier A,2.72,526.4,7718.0,3,4,1,33737.91,14.5,0,0,4.23
4546,2025-03-02,Atlanta,Northeast,Sea,Carrier C,1.5,144.1,992.6,4,5,1,303.2,9.1,0,0,4.57
4547,2025-11-07,Newark,International,Air,Carrier A,10.16,1099.1,4336.3,2,3,1,17732.86,5.9,0,0,4.25
4548,2025-10-19,Chicago,Midwest,Road,Carrier B,1.61,244.1,255.1,1,1,0,348.24,9.9,1,0,5.0
4549,2025-10-14,Atlanta,Midwest,Sea,Carrier A,1.9,386.0,446.3,2,2,0,181.37,13.8,1,0,4.76
4550,2025-02-04,Atlanta,Southwest,Sea,Carrier A,5.43,1052.7,1214.4,5,8,3,481.88,10.1,0,0,3.96
4551,2025-04-17,Newark,West,Rail,Carrier B,5.26,719.0,1656.7,4,3,-1,1182.06,15.2,1,0,4.5
4552,2025-05-08,Atlanta,Northeast,Road,Carrier C,4.44,633.9,901.0,3,2,-1,1187.44,9.0,1,0,4.92
4553,2025-12-27,Chicago,Southwest,Air,Carrier A,0.55,97.9,1215.8,1,2,1,4937.19,6.3,0,0,5.0
4554,2025-04-30,Los Angeles,Northeast,Rail,Carrier B,2.06,443.3,878.0,3,2,-1,566.99,5.8,1,0,5.0
4555,2025-10-17,Newark,Southwest,Road,Carrier A,2.6,231.9,1332.1,3,5,2,1641.77,8.3,0,0,4.68
4556,2025-10-14,Dallas,Northeast,Rail,Carrier C,4.56,512.7,591.7,2,1,-1,489.07,16.6,1,0,4.82
4557,2025-06-15,Newark,Northeast,Air,Carrier A,3.09,421.0,525.5,1,1,0,2149.07,15.9,1,0,5.0
4558,2025-06-30,Atlanta,Midwest,Rail,Carrier B,5.73,1131.2,651.9,3,1,-2,531.7,6.1,1,0,4.75
4559,2025-04-09,Newark,Southwest,Road,Carrier A,5.39,840.5,775.9,2,2,0,1136.49,16.4,1,0,5.0
4560,2025-04-18,Chicago,West,Rail,Carrier C,5.63,550.7,1884.2,4,2,-2,1206.78,5.1,1,0,5.0
4561,2025-04-26,Atlanta,West,Rail,Carrier C,2.46,447.4,1443.4,4,2,-2,994.78,16.6,1,0,4.98
4562,2025-10-25,Newark,Midwest,Rail,Carrier C,3.71,605.3,361.5,1,2,1,326.32,14.6,0,0,4.8
4563,2025-05-03,Los Angeles,Midwest,Sea,Carrier D,6.97,925.6,431.8,3,6,3,272.54,5.3,0,0,3.56
4564,2025-08-30,Newark,West,Road,Carrier A,4.86,682.0,588.9,2,1,-1,796.31,5.5,1,0,4.68
4565,2025-10-24,Newark,Midwest,Rail,Carrier C,1.17,195.2,625.2,2,3,1,400.53,7.9,0,0,4.18
4566,2025-05-28,Dallas,West,Road,Carrier A,6.49,1391.3,1337.9,3,4,1,1917.13,17.0,0,0,4.34
4567,2025-04-26,Atlanta,International,Sea,Carrier C,1.18,197.5,7820.1,24,26,2,2232.34,12.6,0,0,3.69
4568,2025-09-27,Newark,Southeast,Sea,Carrier D,9.68,921.0,777.0,3,3,0,429.4,11.4,1,0,5.0
4569,2025-01-31,Chicago,Northeast,Air,Carrier D,1.85,171.9,875.2,1,2,1,3508.98,16.5,0,0,4.5
4570,2025-10-13,Seattle,Midwest,Road,Carrier B,11.55,1177.9,504.3,2,2,0,900.17,14.4,1,0,4.8
4571,2025-09-02,Newark,International,Sea,Carrier A,2.06,210.3,6003.7,18,16,-2,1750.56,13.5,1,0,5.0
4572,2025-12-13,Seattle,International,Air,Carrier D,2.05,420.3,7317.9,3,4,1,32420.5,16.1,0,0,4.51
4573,2025-03-01,Atlanta,Southeast,Road,Carrier A,3.85,533.4,730.0,2,1,-1,968.97,9.2,1,0,5.0
4574,2025-08-01,Atlanta,Southeast,Air,Carrier D,3.74,786.1,1075.6,2,2,0,3989.05,6.3,1,0,5.0
4575,2025-10-09,Chicago,Northeast,Road,Carrier A,4.13,349.6,452.1,1,1,0,599.28,3.9,1,0,5.0
4576,2025-11-16,Atlanta,Southeast,Air,Carrier B,0.43,41.3,646.8,1,2,1,2630.91,6.4,0,0,4.81
4577,2025-10-22,Dallas,West,Air,Carrier B,1.18,113.5,1050.1,1,1,0,3830.96,6.6,1,0,4.63
4578,2025-02-28,Newark,Midwest,Road,Carrier D,3.63,384.7,712.0,2,1,-1,965.7,12.7,1,0,4.58
4579,2025-06-09,Los Angeles,Midwest,Air,Carrier B,4.08,546.8,756.4,1,1,0,2899.84,9.0,1,0,5.0
4580,2025-09-04,Chicago,Southwest,Sea,Carrier A,2.81,535.8,1267.2,4,2,-2,450.58,16.8,1,0,5.0
4581,2025-01-21,Chicago,Southwest,Rail,Carrier C,1.02,216.7,1071.5,3,4,1,692.94,12.6,0,0,3.89
4582,2025-06-22,Dallas,International,Sea,Carrier B,0.41,85.8,7032.7,21,22,1,1827.01,3.3,0,0,4.15
4583,2025-05-14,Atlanta,Northeast,Air,Carrier D,9.97,1542.0,1021.8,2,2,0,4355.85,17.7,1,0,4.81
4584,2025-05-11,Chicago,Southwest,Road,Carrier C,3.83,808.8,773.8,2,2,0,1056.27,11.3,1,0,5.0
4585,2025-01-30,Atlanta,Northeast,Road,Carrier A,4.67,657.6,830.9,2,2,0,1165.47,14.6,1,0,4.87
4586,2025-06-15,Newark,Midwest,Air,Carrier C,5.91,1111.8,530.2,1,1,0,2053.85,5.5,1,0,5.0
4587,2025-01-20,Los Angeles,Midwest,Road,Carrier A,5.85,1070.9,297.3,2,2,0,500.09,6.8,1,0,5.0
4588,2025-02-19,Los Angeles,International,Sea,Carrier D,5.9,948.4,6179.4,18,17,-1,1845.43,9.8,1,0,5.0
4589,2025-06-05,Los Angeles,Southeast,Rail,Carrier B,3.06,312.3,1107.8,3,1,-2,773.55,15.3,1,0,4.64
4590,2025-01-23,Atlanta,Northeast,Road,Carrier A,3.48,461.2,1083.6,3,4,1,1426.96,12.6,0,0,5.0
4591,2025-01-26,Newark,West,Air,Carrier C,1.42,123.6,1389.3,2,2,0,5306.95,11.7,1,0,5.0
4592,2025-03-04,Atlanta,Southwest,Road,Carrier A,1.91,218.5,1434.2,3,3,0,1812.92,12.1,1,0,4.73
4593,2025-02-14,Dallas,West,Road,Carrier B,3.74,689.0,751.3,2,1,-1,1061.85,15.8,1,0,4.75
4594,2025-09-26,Newark,West,Rail,Carrier A,1.85,315.1,1543.2,4,3,-1,1043.98,17.0,1,1,3.56
4595,2025-08-23,Dallas,Northeast,Road,Carrier B,2.41,512.9,1329.7,3,5,2,1728.79,13.4,0,0,3.38
4596,2025-01-24,Dallas,West,Road,Carrier B,3.24,494.0,1522.1,4,4,0,1957.31,12.0,1,0,4.87
4597,2025-01-26,Newark,Southwest,Road,Carrier B,1.44,209.8,1166.0,3,3,0,1507.84,14.7,1,0,4.83
4598,2025-08-17,Newark,Southeast,Road,Carrier B,3.42,477.0,881.0,2,3,1,1098.52,5.2,0,0,4.47
4599,2025-08-27,Atlanta,Northeast,Sea,Carrier A,2.14,360.0,401.8,3,1,-2,171.1,13.7,1,0,5.0
4600,2025-09-05,Chicago,Midwest,Road,Carrier C,1.19,128.5,511.1,1,2,1,629.21,7.3,0,0,4.87
4601,2025-10-09,Seattle,Southwest,Road,Carrier B,9.98,1366.7,898.6,2,2,0,1257.18,4.2,1,0,4.61
4602,2025-12-05,Chicago,Northeast,Road,Carrier A,0.24,38.4,709.8,2,2,0,965.13,9.6,1,0,4.36
4603,2025-01-24,Los Angeles,Northeast,Rail,Carrier A,3.88,556.0,918.7,3,1,-2,679.35,14.9,1,0,5.0
4604,2025-09-11,Newark,Midwest,Air,Carrier A,10.32,2048.4,482.7,1,1,0,2082.48,9.7,1,0,5.0
4605,2025-07-17,Atlanta,Southwest,Sea,Carrier B,10.94,2170.4,822.8,4,8,4,559.64,17.0,0,0,3.3
4606,2025-11-21,Dallas,International,Sea,Carrier B,11.37,2238.2,6806.9,21,22,1,2435.65,9.6,0,0,4.05
4607,2025-11-22,Newark,International,Air,Carrier A,0.21,22.9,5111.9,2,4,2,22410.96,15.1,0,0,3.91
4608,2025-09-25,Chicago,Midwest,Road,Carrier D,7.8,1003.1,680.6,2,2,0,958.0,4.6,1,0,5.0
4609,2025-05-02,Atlanta,Southwest,Sea,Carrier A,2.53,202.8,922.8,4,8,4,308.86,10.8,0,0,3.38
4610,2025-05-29,Atlanta,International,Sea,Carrier A,4.01,718.6,6452.2,19,22,3,1975.76,15.6,0,0,3.85
4611,2025-07-05,Chicago,Midwest,Road,Carrier D,3.41,276.2,374.5,1,1,0,509.8,6.9,1,0,4.68
4612,2025-01-08,Dallas,Midwest,Road,Carrier C,0.83,121.4,585.6,2,2,0,697.15,5.2,1,0,5.0
4613,2025-03-31,Los Angeles,International,Sea,Carrier B,7.83,986.3,8246.1,24,27,3,2364.3,6.1,0,0,4.15
4614,2025-05-09,Dallas,Southeast,Road,Carrier B,3.1,387.0,1061.2,2,1,-1,1344.23,9.0,1,0,4.66
4615,2025-10-11,Atlanta,Northeast,Air,Carrier C,0.94,89.5,656.8,1,1,0,2402.64,6.7,1,0,4.48
4616,2025-01-17,Newark,Southwest,Road,Carrier C,6.18,669.2,1090.3,3,4,1,1513.75,14.2,0,0,4.66
4617,2025-04-25,Los Angeles,Southeast,Road,Carrier A,8.47,1010.5,854.0,2,3,1,1239.81,11.0,0,0,4.44
4618,2025-05-07,Seattle,Midwest,Air,Carrier A,3.85,654.3,241.1,1,1,0,997.42,9.6,1,0,4.91
4619,2025-01-20,Atlanta,Midwest,Road,Carrier B,4.37,896.8,490.4,2,3,1,721.86,11.1,0,0,4.44
4620,2025-12-18,Dallas,Northeast,Sea,Carrier B,2.58,356.8,1109.7,4,3,-1,403.53,7.9,1,0,4.84
4621,2025-11-13,Chicago,Northeast,Road,Carrier D,1.53,192.7,1549.1,3,5,2,2228.86,14.6,0,0,4.07
4622,2025-07-20,Los Angeles,Southwest,Road,Carrier A,3.86,328.1,1250.8,3,3,0,1674.91,15.5,1,0,4.02
4623,2025-01-11,Newark,West,Road,Carrier A,3.98,352.7,1125.9,3,2,-1,1492.14,13.4,1,0,5.0
4624,2025-08-29,Newark,Southwest,Sea,Carrier B,0.77,113.7,1200.7,5,3,-2,355.1,11.9,1,0,5.0
4625,2025-10-01,Seattle,Northeast,Rail,Carrier B,1.34,159.7,683.9,3,4,1,463.99,14.8,0,0,3.69
4626,2025-05-11,Los Angeles,Midwest,Air,Carrier B,5.92,837.1,646.1,1,1,0,2665.01,14.5,1,0,4.89
4627,2025-12-03,Seattle,Southwest,Air,Carrier B,5.3,910.5,904.9,1,2,1,4098.71,14.3,0,0,4.58
4628,2025-09-11,Newark,West,Air,Carrier D,3.63,373.8,1963.0,1,1,0,7125.35,5.6,1,0,4.09
4629,2025-06-08,Newark,Northeast,Road,Carrier D,0.83,127.7,803.2,2,2,0,1043.06,15.6,1,0,5.0
4630,2025-06-12,Chicago,Northeast,Road,Carrier B,1.53,314.2,631.7,2,2,0,790.02,7.7,1,0,4.66
4631,2025-12-25,Dallas,West,Air,Carrier B,2.59,357.5,1461.7,1,2,1,6232.21,10.7,0,0,4.47
4632,2025-08-13,Dallas,Northeast,Air,Carrier A,0.85,105.6,512.4,1,1,0,2029.55,15.3,1,0,4.83
4633,2025-03-26,Atlanta,Southeast,Air,Carrier A,13.11,2058.7,815.1,2,2,0,3458.01,12.6,1,0,4.77
4634,2025-06-03,Chicago,Midwest,Road,Carrier A,9.78,2091.3,721.4,2,3,1,1184.77,13.4,0,0,4.51
4635,2025-04-09,Seattle,Southeast,Road,Carrier C,1.02,205.4,1114.7,3,4,1,1353.21,8.1,0,0,4.15
4636,2025-08-11,Newark,Southwest,Road,Carrier C,5.67,573.5,622.8,2,2,0,900.98,12.8,1,0,4.62
4637,2025-05-15,Los Angeles,Southwest,Sea,Carrier D,6.19,897.4,1092.9,4,3,-1,465.17,13.2,1,0,5.0
4638,2025-10-05,Los Angeles,Midwest,Road,Carrier A,4.18,609.0,420.9,1,1,0,600.66,8.0,1,0,4.79
4639,2025-04-23,Dallas,Southeast,Air,Carrier D,4.13,862.3,989.2,1,1,0,3985.06,14.9,1,0,5.0
4640,2025-07-14,Atlanta,International,Sea,Carrier A,3.92,507.3,3839.6,12,11,-1,1123.49,7.6,1,0,4.97
4641,2025-11-19,Newark,Southwest,Road,Carrier C,3.87,670.6,1168.4,3,4,1,1616.05,4.8,0,0,4.46
4642,2025-09-16,Atlanta,Midwest,Rail,Carrier A,2.17,340.8,618.3,2,2,0,423.53,8.7,1,0,4.31
4643,2025-08-03,Newark,Southwest,Road,Carrier B,3.55,745.3,1016.3,2,2,0,1262.8,4.5,1,0,5.0
4644,2025-07-20,Newark,Southeast,Road,Carrier B,1.35,212.8,1123.4,2,3,1,1340.1,5.8,0,0,4.82
4645,2025-07-27,Seattle,Northeast,Air,Carrier D,0.47,77.4,827.8,1,1,0,3311.37,17.2,1,0,5.0
4646,2025-11-08,Seattle,Northeast,Road,Carrier A,2.17,317.9,966.3,2,3,1,1369.25,10.0,0,0,4.56
4647,2025-06-19,Dallas,Northeast,Road,Carrier A,1.35,233.7,837.6,2,3,1,1101.03,15.5,0,0,4.5
4648,2025-09-30,Atlanta,Southeast,Road,Carrier C,3.02,495.2,713.3,2,3,1,887.18,3.8,0,0,5.0
4649,2025-11-15,Seattle,Midwest,Road,Carrier D,1.93,332.2,96.8,1,3,2,194.95,14.5,0,0,4.46
4650,2025-07-29,Newark,Southeast,Rail,Carrier A,4.12,368.5,981.7,3,3,0,679.09,9.5,1,0,5.0
4651,2025-08-29,Newark,Southwest,Air,Carrier A,1.98,169.0,699.5,1,1,0,2677.61,10.8,1,0,4.56
4652,2025-03-24,Seattle,Southeast,Sea,Carrier D,5.96,1208.3,482.5,2,1,-1,292.42,8.1,1,0,5.0
4653,2025-05-20,Los Angeles,West,Road,Carrier A,1.76,311.6,737.5,2,2,0,913.73,7.1,1,0,5.0
4654,2025-10-23,Chicago,Northeast,Road,Carrier B,1.65,212.2,1111.2,2,4,2,1359.54,8.1,0,0,3.92
4655,2025-12-18,Newark,Midwest,Road,Carrier C,0.78,64.9,633.6,2,3,1,883.34,10.8,0,0,4.72
4656,2025-01-24,Atlanta,Midwest,Road,Carrier B,0.27,58.9,437.8,1,2,1,544.78,11.5,0,0,4.36
4657,2025-01-20,Los Angeles,Southwest,Sea,Carrier A,0.54,54.2,1245.4,5,4,-1,340.89,5.8,1,0,4.54
4658,2025-09-23,Seattle,West,Road,Carrier D,1.4,135.5,1179.1,2,2,0,1475.8,11.4,1,0,4.73
4659,2025-11-19,Atlanta,Southeast,Road,Carrier C,4.85,599.7,764.3,2,2,0,1226.69,16.1,1,0,5.0
4660,2025-04-06,Seattle,West,Rail,Carrier D,2.36,396.6,1259.2,4,3,-1,793.34,6.1,1,0,5.0
4661,2025-06-29,Atlanta,Southeast,Road,Carrier D,1.9,377.2,1140.0,2,2,0,1404.18,7.9,1,0,4.95
4662,2025-09-18,Los Angeles,Southwest,Road,Carrier B,8.99,941.1,1113.1,3,3,0,1542.7,9.7,1,0,5.0
4663,2025-10-17,Chicago,Southwest,Road,Carrier A,3.88,678.0,1024.3,3,3,0,1282.19,5.2,1,0,5.0
4664,2025-03-27,Los Angeles,Southwest,Air,Carrier D,1.69,151.2,1173.4,1,1,0,4621.73,14.9,1,0,4.9
4665,2025-04-30,Atlanta,International,Air,Carrier B,2.46,393.9,6765.8,3,3,0,24328.66,5.5,1,0,4.19
4666,2025-05-05,Newark,West,Rail,Carrier C,10.2,1015.0,1515.2,4,3,-1,1139.83,9.9,1,0,4.39
4667,2025-09-07,Newark,Northeast,Rail,Carrier C,8.81,905.0,876.5,2,2,0,733.27,11.2,1,0,5.0
4668,2025-07-09,Seattle,International,Air,Carrier D,3.9,363.7,5510.0,3,3,0,20390.65,8.4,1,0,4.97
4669,2025-11-22,Seattle,Midwest,Road,Carrier B,8.53,887.7,331.2,2,3,1,653.9,8.8,0,0,4.59
4670,2025-08-12,Newark,Northeast,Road,Carrier A,1.81,343.2,941.2,2,2,0,1240.51,14.9,1,0,5.0
4671,2025-04-12,Chicago,Northeast,Road,Carrier B,3.28,552.4,898.0,3,3,0,1101.78,3.5,1,0,4.74
4672,2025-06-19,Seattle,Midwest,Road,Carrier C,2.6,239.2,681.2,2,2,0,861.9,7.7,1,0,5.0
4673,2025-02-21,Los Angeles,West,Rail,Carrier D,0.93,93.2,1383.1,4,5,1,894.61,14.8,0,1,3.7
4674,2025-06-29,Chicago,Midwest,Road,Carrier B,2.18,175.8,617.7,2,2,0,761.99,5.7,1,0,5.0
4675,2025-08-07,Atlanta,Midwest,Road,Carrier B,2.52,491.8,369.0,2,2,0,551.73,17.8,1,1,3.61
4676,2025-12-09,Seattle,Northeast,Road,Carrier C,3.75,820.5,980.5,2,3,1,1399.89,6.3,0,0,3.66
4677,2025-09-26,Atlanta,West,Sea,Carrier C,8.28,967.7,1592.9,6,10,4,610.23,6.9,0,0,4.02
4678,2025-01-29,Atlanta,Southwest,Sea,Carrier A,0.72,85.0,764.6,3,1,-2,229.31,11.2,1,0,4.83
4679,2025-06-11,Chicago,Midwest,Road,Carrier A,2.91,340.2,544.3,2,4,2,711.4,7.9,0,0,4.38
4680,2025-02-15,Seattle,West,Air,Carrier A,5.96,732.9,1142.0,1,1,0,4674.11,16.6,1,0,5.0
4681,2025-11-15,Seattle,International,Sea,Carrier B,1.95,225.2,5713.4,17,18,1,1753.67,6.6,0,1,2.92
4682,2025-06-16,Chicago,West,Road,Carrier B,2.48,385.7,1218.1,3,3,0,1618.32,15.9,1,0,5.0
4683,2025-02-22,Seattle,West,Road,Carrier D,0.38,51.0,1253.4,3,2,-1,1558.9,12.4,1,0,4.95
4684,2025-08-22,Seattle,West,Rail,Carrier A,6.29,1217.7,1611.9,4,4,0,1080.3,3.7,1,0,4.67
4685,2025-09-30,Los Angeles,Southeast,Road,Carrier A,4.81,1045.4,987.8,3,3,0,1408.31,16.3,1,0,4.91
4686,2025-02-10,Chicago,Northeast,Sea,Carrier B,5.48,647.7,663.5,3,1,-2,308.45,10.0,1,0,4.59
4687,2025-05-22,Newark,Midwest,Road,Carrier B,0.68,83.7,648.8,2,3,1,797.23,9.5,0,0,4.55
4688,2025-03-01,Atlanta,International,Sea,Carrier B,3.34,566.5,7636.0,23,23,0,2046.97,3.0,1,0,5.0
4689,2025-02-21,Dallas,Northeast,Rail,Carrier A,3.59,659.7,1024.9,3,3,0,716.29,10.1,1,0,5.0
4690,2025-04-10,Dallas,Midwest,Road,Carrier B,2.27,347.0,666.3,2,3,1,905.12,15.4,0,0,4.18
4691,2025-03-14,Newark,Southwest,Rail,Carrier D,1.43,207.6,989.7,3,2,-1,621.67,7.9,1,0,5.0
4692,2025-06-24,Seattle,Northeast,Road,Carrier B,2.04,261.8,896.9,3,1,-2,1073.58,4.2,1,0,5.0
4693,2025-08-18,Seattle,Southeast,Air,Carrier B,6.34,1351.4,330.0,1,1,0,1391.45,8.3,1,0,4.64
4694,2025-03-03,Newark,Northeast,Rail,Carrier A,2.04,443.1,1079.7,3,1,-2,668.6,3.4,1,0,5.0
4695,2025-02-07,Atlanta,Southeast,Road,Carrier A,12.02,1499.9,426.1,2,3,1,751.56,3.8,0,0,4.38
4696,2025-01-10,Newark,Northeast,Road,Carrier A,5.81,534.8,466.4,2,3,1,673.36,7.4,0,0,3.72
4697,2025-12-04,Chicago,Northeast,Rail,Carrier B,3.19,587.8,946.9,3,4,1,713.41,6.5,0,0,4.42
4698,2025-01-22,Atlanta,West,Rail,Carrier A,0.32,51.5,1316.5,4,5,1,797.22,9.0,0,0,4.73
4699,2025-01-11,Dallas,Northeast,Road,Carrier A,3.15,559.4,796.8,2,2,0,1047.9,10.1,1,0,4.41
4700,2025-06-20,Seattle,International,Air,Carrier A,1.98,186.0,7900.5,3,3,0,31070.22,15.5,1,0,4.39
4701,2025-05-26,Los Angeles,Midwest,Road,Carrier D,1.42,132.7,382.3,2,2,0,492.42,9.8,1,0,4.18
4702,2025-05-21,Chicago,West,Road,Carrier A,6.58,1356.4,1710.0,3,2,-1,2270.62,10.9,1,0,5.0
4703,2025-11-17,Atlanta,West,Road,Carrier A,1.03,128.5,1276.5,3,5,2,1699.47,6.4,0,0,4.53
4704,2025-07-06,Chicago,Midwest,Road,Carrier B,1.5,272.5,426.8,2,3,1,525.85,4.0,0,0,5.0
4705,2025-12-28,Dallas,Midwest,Road,Carrier C,1.58,291.1,697.0,2,2,0,998.95,10.8,1,0,4.83
4706,2025-03-05,Dallas,Southwest,Road,Carrier B,1.73,279.8,1260.9,3,4,1,1628.11,14.1,0,0,4.2
4707,2025-06-05,Seattle,Midwest,Road,Carrier B,5.51,569.2,689.2,2,2,0,951.76,9.5,1,0,4.89
4708,2025-10-24,Dallas,Southwest,Road,Carrier D,0.33,55.6,1067.1,2,1,-1,1375.27,16.4,1,0,5.0
4709,2025-08-25,Atlanta,Southeast,Road,Carrier D,1.42,293.6,1040.6,3,2,-1,1254.98,6.3,1,0,5.0
4710,2025-06-24,Los Angeles,Northeast,Road,Carrier C,1.93,328.3,585.0,2,2,0,761.22,10.5,1,0,5.0
4711,2025-01-05,Los Angeles,Midwest,Sea,Carrier A,6.06,520.9,482.5,2,1,-1,261.12,9.9,1,0,4.86
4712,2025-06-13,Newark,Northeast,Road,Carrier B,8.43,1745.7,594.3,2,2,0,989.73,14.1,1,0,4.82
4713,2025-04-22,Los Angeles,Southeast,Road,Carrier D,5.91,954.0,823.6,2,2,0,1107.02,6.2,1,0,5.0
4714,2025-02-24,Los Angeles,Northeast,Road,Carrier B,4.02,602.6,567.0,2,2,0,788.39,10.4,1,0,5.0
4715,2025-12-26,Dallas,Northeast,Rail,Carrier D,3.96,511.7,938.5,3,5,2,785.17,16.6,0,0,3.64
4716,2025-02-25,Newark,Northeast,Air,Carrier D,4.56,636.2,184.5,1,1,0,769.59,5.8,1,0,4.44
4717,2025-12-27,Newark,Northeast,Air,Carrier B,13.32,1105.0,565.3,1,2,1,2657.68,9.0,0,0,4.87
4718,2025-02-02,Chicago,Southeast,Rail,Carrier A,2.6,449.1,1032.5,3,2,-1,663.96,5.5,1,0,4.98
4719,2025-05-05,Chicago,International,Sea,Carrier A,16.73,3065.1,6347.6,19,19,0,2341.61,17.6,1,0,5.0
4720,2025-11-25,Dallas,Northeast,Road,Carrier D,1.62,274.5,666.1,1,1,0,1001.3,16.0,1,0,4.61
4721,2025-12-03,Atlanta,West,Road,Carrier A,3.56,388.1,1582.4,4,6,2,2323.43,14.4,0,0,4.58
4722,2025-04-26,Atlanta,Midwest,Road,Carrier C,3.48,512.3,409.3,2,3,1,608.21,15.2,0,0,4.64
4723,2025-02-13,Newark,Southwest,Air,Carrier B,3.54,746.3,1106.3,1,1,0,4479.78,16.3,1,0,5.0
4724,2025-08-18,Newark,Southwest,Road,Carrier C,5.13,649.6,664.3,2,1,-1,878.83,4.6,1,0,5.0
4725,2025-08-19,Chicago,Southeast,Road,Carrier C,0.55,53.7,793.2,2,4,2,979.74,10.9,0,0,4.42
4726,2025-05-04,Los Angeles,Southwest,Road,Carrier D,1.95,210.7,1051.5,2,3,1,1332.89,11.4,0,0,5.0
4727,2025-10-14,Newark,Southeast,Rail,Carrier B,7.57,962.0,947.3,3,4,1,713.39,4.5,0,0,4.68
4728,2025-05-05,Newark,Northeast,Road,Carrier A,3.84,663.8,805.9,2,2,0,1103.32,12.9,1,0,5.0
4729,2025-12-12,Dallas,West,Rail,Carrier C,2.24,207.9,1233.9,4,3,-1,835.99,3.3,1,0,5.0
4730,2025-06-05,Newark,Southeast,Air,Carrier A,2.91,552.8,1126.6,1,1,0,4358.18,11.7,1,0,5.0
4731,2025-04-08,Newark,West,Sea,Carrier B,0.99,200.2,1404.5,5,4,-1,433.16,15.2,1,0,5.0
4732,2025-05-31,Seattle,International,Rail,Carrier A,2.17,291.0,5396.2,12,13,1,3283.27,8.9,0,0,4.9
4733,2025-08-22,Dallas,Northeast,Road,Carrier C,3.27,270.4,666.7,2,2,0,835.74,5.0,1,0,5.0
4734,2025-11-16,Atlanta,Midwest,Road,Carrier A,1.89,201.1,504.7,1,3,2,735.98,10.7,0,0,4.09
4735,2025-05-25,Los Angeles,Midwest,Air,Carrier A,5.94,1263.8,434.2,1,1,0,1804.42,10.8,1,0,5.0
4736,2025-06-10,Dallas,Midwest,Air,Carrier A,3.14,527.8,475.6,1,1,0,1751.34,3.6,1,0,5.0
4737,2025-04-13,Seattle,West,Air,Carrier B,3.12,328.3,489.7,1,1,0,1871.49,8.3,1,0,5.0
4738,2025-05-05,Seattle,Midwest,Road,Carrier D,0.63,91.5,621.3,1,1,0,722.5,3.6,1,0,5.0
4739,2025-06-26,Los Angeles,Northeast,Road,Carrier D,2.67,346.8,437.9,2,2,0,620.51,15.1,1,0,5.0
4740,2025-12-01,Atlanta,Midwest,Road,Carrier D,1.63,355.3,627.0,2,2,0,850.01,3.7,1,0,4.92
4741,2025-02-28,Newark,Southwest,Road,Carrier D,3.45,405.4,922.6,3,4,1,1147.77,5.6,0,0,4.98
4742,2025-12-07,Chicago,Southwest,Rail,Carrier B,0.67,69.1,683.2,2,4,2,487.42,11.8,0,0,4.59
4743,2025-11-16,Dallas,Southeast,Road,Carrier C,5.65,916.0,1189.2,3,4,1,1836.81,14.0,0,0,4.64
4744,2025-08-11,Seattle,Midwest,Road,Carrier A,0.62,62.2,451.3,1,1,0,568.31,11.7,1,0,5.0
4745,2025-11-12,Chicago,Southeast,Air,Carrier A,1.78,317.6,1171.0,2,3,1,4795.22,6.4,0,0,4.18
4746,2025-08-28,Los Angeles,Midwest,Road,Carrier A,3.47,738.4,514.2,2,3,1,689.28,5.3,0,0,4.28
4747,2025-07-09,Seattle,Midwest,Rail,Carrier A,3.43,578.4,428.0,2,2,0,357.71,13.3,1,0,4.17
4748,2025-05-25,Dallas,Southwest,Air,Carrier C,6.5,1412.6,1062.9,2,2,0,4360.73,15.3,1,0,4.85
4749,2025-08-20,Los Angeles,Southeast,Road,Carrier A,2.88,459.9,1158.9,3,1,-2,1450.86,8.2,1,0,5.0
4750,2025-08-03,Los Angeles,International,Rail,Carrier B,2.42,471.2,5882.4,12,12,0,3812.49,15.7,1,0,4.38
4751,2025-07-30,Newark,West,Road,Carrier A,2.73,250.3,1191.2,2,4,2,1515.11,11.1,0,0,4.38
4752,2025-01-11,Newark,Northeast,Air,Carrier C,1.52,166.3,471.1,1,2,1,1685.23,3.2,0,0,4.77
4753,2025-05-14,Chicago,West,Road,Carrier D,2.67,422.1,998.2,2,2,0,1217.15,5.0,1,0,5.0
4754,2025-05-08,Los Angeles,Midwest,Air,Carrier A,1.24,265.3,888.6,1,1,0,3278.98,7.4,1,0,5.0
4755,2025-05-02,Atlanta,Midwest,Road,Carrier C,0.82,86.3,381.0,2,1,-1,502.01,15.2,1,0,5.0
4756,2025-03-10,Seattle,Midwest,Road,Carrier C,1.9,403.2,600.6,1,2,1,822.2,15.9,0,0,4.0
4757,2025-07-05,Seattle,Northeast,Road,Carrier B,4.14,659.2,584.7,2,4,2,845.21,14.5,0,0,4.74
4758,2025-12-21,Atlanta,West,Air,Carrier A,0.14,17.3,1507.5,1,2,1,6306.71,9.8,0,0,5.0
4759,2025-10-06,Los Angeles,Midwest,Sea,Carrier A,2.84,526.8,476.0,3,5,2,203.47,8.3,0,0,3.82
4760,2025-02-23,Atlanta,Northeast,Road,Carrier B,3.71,654.1,865.6,2,1,-1,1076.87,3.5,1,0,4.99
4761,2025-03-05,Los Angeles,West,Road,Carrier B,5.49,929.8,1096.0,2,3,1,1570.7,17.7,0,0,4.38
4762,2025-04-15,Newark,West,Sea,Carrier D,1.71,340.6,1272.2,5,9,4,375.45,4.1,0,0,3.26
4763,2025-04-17,Los Angeles,Southeast,Rail,Carrier C,7.09,1126.5,1121.8,4,3,-1,815.5,4.6,1,0,5.0
4764,2025-11-16,Atlanta,West,Road,Carrier A,1.53,256.8,2001.5,4,7,3,2686.37,7.2,0,0,3.65
4765,2025-04-07,Los Angeles,Midwest,Road,Carrier B,1.32,284.0,477.6,1,1,0,602.95,7.8,1,0,5.0
4766,2025-02-14,Chicago,Northeast,Road,Carrier B,7.14,1168.7,920.1,3,3,0,1297.77,10.2,1,0,5.0
4767,2025-09-05,Dallas,Southeast,Road,Carrier B,7.42,1132.4,941.6,2,4,2,1322.76,9.9,0,1,2.47
4768,2025-09-11,Newark,Midwest,Road,Carrier B,1.99,383.9,707.9,2,1,-1,913.81,10.4,1,0,4.56
4769,2025-05-22,Chicago,Midwest,Road,Carrier D,3.23,661.9,452.2,2,2,0,614.37,6.1,1,0,5.0
4770,2025-06-01,Los Angeles,Southwest,Sea,Carrier C,1.75,364.2,991.7,4,1,-3,311.93,6.7,1,0,5.0
4771,2025-05-25,Chicago,Midwest,Road,Carrier C,2.55,415.1,500.7,1,1,0,690.75,13.3,1,0,5.0
4772,2025-04-01,Los Angeles,Southwest,Road,Carrier C,1.61,187.8,1002.4,2,1,-1,1278.19,12.5,1,0,5.0
4773,2025-11-30,Newark,Southeast,Road,Carrier D,1.91,387.9,1112.2,3,5,2,1508.04,5.9,0,0,4.48
4774,2025-01-27,Los Angeles,West,Rail,Carrier B,10.69,2184.6,1489.1,4,2,-2,1171.24,7.6,1,0,4.54
4775,2025-07-26,Seattle,Northeast,Road,Carrier B,2.45,496.1,707.5,2,3,1,885.9,5.5,0,0,4.72
4776,2025-11-06,Los Angeles,Northeast,Sea,Carrier B,2.06,357.9,909.4,4,4,0,334.9,8.3,1,0,5.0
4777,2025-09-10,Atlanta,Midwest,Air,Carrier B,3.37,395.7,251.8,1,2,1,1034.91,11.7,0,0,5.0
4778,2025-04-20,Chicago,Midwest,Road,Carrier B,9.39,1673.5,297.3,1,1,0,591.93,7.3,1,0,5.0
4779,2025-07-09,Newark,West,Air,Carrier B,2.89,249.0,1229.5,1,1,0,4837.36,14.2,1,0,5.0
4780,2025-11-13,Newark,Northeast,Air,Carrier A,4.54,807.2,1167.8,1,2,1,5290.16,15.8,0,0,4.51
4781,2025-08-09,Newark,West,Road,Carrier A,1.45,283.9,2004.4,4,4,0,2552.32,13.9,1,0,5.0
4782,2025-04-27,Atlanta,Southwest,Road,Carrier C,2.04,420.4,1109.4,2,3,1,1442.43,13.4,0,0,4.46
4783,2025-03-26,Newark,Midwest,Road,Carrier C,3.14,407.4,319.3,2,2,0,451.83,7.9,1,0,4.53
4784,2025-10-03,Los Angeles,Northeast,Rail,Carrier C,1.1,133.4,1044.0,3,3,0,636.24,6.5,1,0,4.67
4785,2025-05-25,Los Angeles,Southeast,Road,Carrier C,1.71,170.6,990.6,2,4,2,1315.93,17.1,0,0,4.17
4786,2025-03-28,Dallas,West,Road,Carrier C,9.54,1187.1,1553.5,3,3,0,2215.13,15.9,1,0,4.28
4787,2025-12-04,Dallas,Northeast,Road,Carrier C,11.93,1250.4,465.9,2,4,2,890.9,5.5,0,0,4.28
4788,2025-07-24,Seattle,Midwest,Air,Carrier A,0.43,41.1,572.2,1,1,0,2137.78,9.4,1,0,4.37
4789,2025-02-17,Newark,Southwest,Rail,Carrier A,5.73,996.0,913.4,3,4,1,736.36,15.4,0,0,4.92
4790,2025-05-11,Dallas,Southwest,Road,Carrier B,3.65,552.3,917.0,2,4,2,1239.53,13.6,0,0,3.75
4791,2025-03-02,Seattle,Southeast,Air,Carrier C,3.67,662.0,989.1,1,1,0,3737.46,8.3,1,0,5.0
4792,2025-03-05,Seattle,Southeast,Road,Carrier A,1.89,383.3,982.5,2,1,-1,1186.99,5.2,1,0,4.98
4793,2025-12-26,Seattle,International,Sea,Carrier C,4.52,572.4,6100.9,19,20,1,1921.53,5.8,0,0,4.09
4794,2025-10-31,Los Angeles,International,Sea,Carrier B,1.49,325.5,6920.1,21,23,2,1911.87,8.1,0,0,4.3
4795,2025-08-27,Los Angeles,Southeast,Road,Carrier A,6.19,593.0,976.1,3,1,-2,1317.03,10.1,1,0,4.27
4796,2025-06-06,Newark,Southeast,Road,Carrier C,3.99,562.5,1228.8,3,4,1,1674.44,16.3,0,0,4.9
4797,2025-12-18,Los Angeles,Midwest,Road,Carrier A,6.08,560.6,588.5,1,2,1,905.0,5.4,0,0,4.25
4798,2025-01-17,Atlanta,West,Air,Carrier B,5.64,823.3,1323.8,1,1,0,5311.51,14.8,1,0,5.0
4799,2025-03-30,Newark,Midwest,Rail,Carrier A,0.48,92.7,472.6,2,1,-1,296.25,9.0,1,0,4.86
4800,2025-05-26,Chicago,Northeast,Road,Carrier A,2.27,289.5,587.9,2,3,1,812.06,16.8,0,0,4.73
4801,2025-05-06,Chicago,Southwest,Air,Carrier C,0.41,51.1,745.5,1,1,0,2678.21,5.3,1,0,4.74
4802,2025-12-17,Los Angeles,Southeast,Rail,Carrier C,2.7,500.9,847.5,3,2,-1,619.94,4.1,1,0,4.85
4803,2025-05-24,Seattle,Northeast,Road,Carrier C,12.05,2148.2,937.8,3,2,-1,1525.65,15.6,1,0,4.83
4804,2025-12-07,Chicago,Southwest,Air,Carrier B,3.9,655.2,1205.3,1,2,1,5292.69,12.8,0,0,4.68
4805,2025-12-19,Newark,Southeast,Road,Carrier A,1.34,259.2,1184.8,3,4,1,1638.81,9.5,0,1,2.74
4806,2025-10-10,Dallas,International,Sea,Carrier B,5.71,628.0,5984.3,18,18,0,1859.94,15.3,1,0,4.42
4807,2025-04-21,Atlanta,Northeast,Road,Carrier C,2.33,297.2,846.8,2,1,-1,1086.3,10.7,1,0,4.49
4808,2025-02-02,Dallas,West,Road,Carrier D,3.14,333.0,1295.4,3,3,0,1708.95,14.8,1,0,5.0
4809,2025-03-25,Seattle,Northeast,Road,Carrier D,1.43,125.5,1082.1,3,4,1,1369.14,12.4,0,0,4.49
4810,2025-07-21,Chicago,West,Rail,Carrier A,6.04,529.6,1903.2,5,5,0,1357.02,16.6,1,0,4.78
4811,2025-04-14,Seattle,Midwest,Rail,Carrier A,2.75,418.2,645.8,2,1,-1,490.5,17.5,1,0,5.0
4812,2025-01-30,Newark,West,Air,Carrier D,3.48,715.0,1498.5,1,1,0,5897.98,13.8,1,0,4.64
4813,2025-10-21,Atlanta,Northeast,Air,Carrier C,5.41,456.9,749.0,1,1,0,2923.65,10.3,1,0,5.0
4814,2025-01-15,Atlanta,Southwest,Road,Carrier B,4.8,868.9,1079.5,2,3,1,1361.61,4.5,0,0,5.0
4815,2025-04-15,Atlanta,Southwest,Rail,Carrier A,2.91,508.4,966.8,3,2,-1,677.69,12.8,1,0,4.74
4816,2025-12-23,Dallas,Southwest,Air,Carrier A,5.72,697.6,724.2,1,2,1,3103.91,7.3,0,0,4.28
4817,2025-06-20,Los Angeles,West,Sea,Carrier D,2.49,398.1,1748.1,6,8,2,513.07,3.8,0,0,3.52
4818,2025-05-15,Newark,Southeast,Rail,Carrier D,5.63,527.7,845.6,3,1,-2,625.39,8.6,1,0,4.63
4819,2025-10-05,Chicago,International,Rail,Carrier A,2.74,329.2,5598.0,12,13,1,3525.36,12.4,0,0,4.64
4820,2025-05-14,Newark,Southwest,Sea,Carrier C,5.39,1041.0,972.0,4,4,0,402.21,7.0,1,0,5.0
4821,2025-05-14,Los Angeles,Northeast,Road,Carrier B,5.64,1174.4,1045.1,2,2,0,1510.19,16.8,1,0,5.0
4822,2025-05-10,Dallas,Midwest,Road,Carrier A,4.47,445.6,391.8,2,2,0,609.69,17.2,1,0,4.43
4823,2025-06-12,Dallas,Northeast,Road,Carrier C,2.85,547.1,824.2,2,1,-1,1010.88,3.5,1,0,5.0
4824,2025-08-24,Seattle,Southeast,Road,Carrier A,1.23,126.4,1224.2,3,2,-1,1486.51,8.4,1,0,4.36
4825,2025-06-06,Dallas,Northeast,Rail,Carrier D,1.61,354.1,770.6,2,1,-1,533.28,14.5,1,0,5.0
4826,2025-01-01,Atlanta,West,Road,Carrier B,0.47,68.8,1259.6,3,2,-1,1552.39,11.2,1,0,4.75
4827,2025-06-19,Dallas,Southeast,Road,Carrier C,1.88,407.4,834.3,2,2,0,1138.33,17.8,1,0,5.0
4828,2025-06-18,Dallas,Southeast,Sea,Carrier D,2.87,253.6,1122.0,4,3,-1,379.56,12.9,1,0,5.0
4829,2025-02-08,Newark,Midwest,Rail,Carrier B,3.04,391.3,391.0,2,1,-1,307.98,9.9,1,0,4.32
4830,2025-10-06,Dallas,Northeast,Road,Carrier B,1.16,101.8,701.2,2,3,1,819.26,3.2,0,0,3.95
4831,2025-05-12,Los Angeles,Northeast,Road,Carrier B,1.71,165.0,893.1,2,2,0,1110.88,9.3,1,0,5.0
4832,2025-04-22,Seattle,West,Road,Carrier C,3.57,588.0,1453.1,3,3,0,1852.96,10.2,1,0,4.8
4833,2025-03-30,Dallas,Northeast,Rail,Carrier A,3.24,494.6,777.4,2,2,0,526.45,5.1,1,1,3.31
4834,2025-02-15,Dallas,Southeast,Road,Carrier C,5.18,663.8,1028.8,2,3,1,1314.71,5.8,0,0,4.32
4835,2025-10-20,Seattle,International,Sea,Carrier D,2.19,260.3,6230.0,19,18,-1,1821.46,13.6,1,0,4.45
4836,2025-05-15,Atlanta,West,Road,Carrier B,0.72,64.6,718.5,2,3,1,946.64,17.7,0,0,5.0
4837,2025-02-08,Newark,International,Sea,Carrier C,2.69,347.4,5434.5,16,14,-2,1484.36,4.8,1,0,5.0
4838,2025-12-20,Newark,Northeast,Air,Carrier A,1.97,233.6,772.8,1,3,2,3446.26,15.3,0,1,2.69
4839,2025-03-16,Newark,Southwest,Rail,Carrier A,4.01,436.1,1262.3,3,3,0,864.73,11.4,1,0,4.98
4840,2025-05-22,Los Angeles,International,Sea,Carrier D,3.66,685.7,5122.8,15,12,-3,1420.53,3.7,1,0,4.97
4841,2025-11-13,Atlanta,Southeast,Road,Carrier B,0.25,22.0,1253.1,3,3,0,1735.19,12.0,1,0,4.67
4842,2025-04-25,Los Angeles,Southwest,Air,Carrier B,6.22,500.3,1271.8,1,3,2,4811.23,8.3,0,0,3.84
4843,2025-04-15,Atlanta,Midwest,Road,Carrier A,2.63,235.8,491.5,2,3,1,688.82,16.4,0,0,4.42
4844,2025-06-16,Newark,Northeast,Sea,Carrier B,2.27,348.6,810.6,4,1,-3,295.22,16.2,1,0,5.0
4845,2025-11-17,Atlanta,Southwest,Road,Carrier D,4.69,681.8,1044.9,2,3,1,1534.93,9.3,0,0,5.0
4846,2025-08-04,Los Angeles,Northeast,Road,Carrier C,7.54,1145.0,877.5,2,2,0,1316.16,15.9,1,0,4.53
4847,2025-07-16,Los Angeles,Southeast,Road,Carrier B,4.15,654.5,937.0,2,3,1,1244.93,10.6,0,0,4.83
4848,2025-06-15,Dallas,Northeast,Air,Carrier B,0.71,83.2,832.9,1,1,0,3159.86,11.0,1,0,4.36
4849,2025-03-23,Newark,Southeast,Road,Carrier B,3.95,592.5,831.8,3,4,1,1047.06,4.3,0,0,4.68
4850,2025-11-23,Chicago,Southwest,Air,Carrier B,3.85,566.3,855.9,1,2,1,3489.75,4.0,0,0,4.36
4851,2025-09-30,Chicago,International,Sea,Carrier C,0.59,88.9,5877.2,18,18,0,1734.63,17.0,1,0,5.0
4852,2025-03-04,Newark,International,Rail,Carrier A,4.05,327.5,6393.4,13,11,-2,3733.66,3.9,1,0,5.0
4853,2025-02-24,Chicago,Midwest,Air,Carrier C,2.76,441.6,533.7,1,1,0,2018.98,7.5,1,0,4.78
4854,2025-10-11,Atlanta,Southeast,Road,Carrier C,4.24,563.4,818.8,2,2,0,1071.75,8.0,1,0,4.94
4855,2025-04-17,Seattle,Midwest,Road,Carrier B,4.71,954.1,731.8,2,1,-1,1071.98,16.1,1,0,5.0
4856,2025-07-15,Seattle,Northeast,Road,Carrier A,4.08,799.3,863.1,2,2,0,1166.16,11.0,1,0,4.68
4857,2025-04-28,Los Angeles,Southeast,Air,Carrier C,3.04,471.8,954.8,1,1,0,3710.08,11.9,1,0,4.89
4858,2025-09-25,Atlanta,Southeast,Road,Carrier B,0.44,43.1,599.5,2,1,-1,755.05,13.0,1,0,4.83
4859,2025-09-21,Atlanta,Southwest,Road,Carrier B,4.43,755.0,607.5,2,3,1,854.39,10.6,0,0,4.57
4860,2025-01-07,Los Angeles,International,Rail,Carrier D,1.48,217.5,6715.4,14,15,1,3927.81,5.4,0,0,4.79
4861,2025-02-18,Atlanta,West,Rail,Carrier A,1.11,103.0,1239.3,3,5,2,800.48,13.8,0,0,3.5
4862,2025-09-26,Seattle,Southeast,Air,Carrier D,1.38,164.0,906.1,1,1,0,3333.46,7.2,1,0,5.0
4863,2025-11-26,Seattle,Southeast,Air,Carrier D,2.47,361.6,1466.7,1,2,1,6363.96,12.7,0,0,4.21
4864,2025-03-27,Los Angeles,Southwest,Road,Carrier C,1.04,209.8,1219.7,3,2,-1,1531.85,12.0,1,0,5.0
4865,2025-03-18,Atlanta,Southeast,Road,Carrier B,2.07,433.2,924.0,2,3,1,1137.57,6.4,0,0,4.99
4866,2025-04-28,Dallas,Southeast,Road,Carrier B,6.31,1170.2,1011.7,3,3,0,1486.33,17.4,1,0,5.0
4867,2025-11-28,Chicago,International,Sea,Carrier D,5.18,966.7,5142.8,15,15,0,1763.08,11.5,1,0,5.0
4868,2025-10-13,Newark,Northeast,Road,Carrier D,5.63,825.4,854.7,2,3,1,1175.62,10.3,0,0,4.26
4869,2025-09-04,Newark,Southwest,Road,Carrier A,4.65,796.6,1042.9,2,2,0,1383.75,10.1,1,0,5.0
4870,2025-03-28,Dallas,Northeast,Road,Carrier A,3.21,595.1,1206.7,3,3,0,1509.38,7.4,1,0,5.0
4871,2025-09-14,Chicago,Southeast,Air,Carrier A,4.5,802.3,898.1,1,1,0,3606.76,14.1,1,0,4.96
4872,2025-07-06,Seattle,International,Sea,Carrier A,2.19,302.6,6807.2,21,23,2,2057.78,17.6,0,0,4.34
4873,2025-06-11,Seattle,Midwest,Rail,Carrier D,0.67,76.9,288.1,1,2,1,202.21,17.3,0,0,4.08
4874,2025-10-16,Dallas,West,Road,Carrier B,5.81,766.0,1059.7,2,2,0,1505.55,16.6,1,0,4.95
4875,2025-09-07,Atlanta,West,Road,Carrier C,3.63,510.9,846.7,2,3,1,1102.43,9.0,0,0,4.76
4876,2025-03-06,Newark,Northeast,Road,Carrier D,8.85,827.4,666.2,2,1,-1,958.63,5.7,1,0,4.47
4877,2025-09-20,Chicago,International,Air,Carrier B,1.62,207.4,7705.4,3,2,-1,27859.64,6.2,1,0,4.76
4878,2025-09-14,Atlanta,International,Air,Carrier B,3.96,554.5,7454.5,3,3,0,29120.31,14.5,1,1,3.56
4879,2025-01-29,Seattle,Midwest,Road,Carrier B,2.81,394.2,271.7,2,1,-1,412.61,14.4,1,0,4.47
4880,2025-07-26,Atlanta,Midwest,Sea,Carrier C,4.37,879.8,468.6,2,1,-1,245.06,8.1,1,0,5.0
4881,2025-05-11,Newark,Southeast,Road,Carrier B,9.22,898.5,923.3,2,1,-1,1297.19,8.2,1,0,5.0
4882,2025-03-28,Newark,Northeast,Road,Carrier A,3.69,444.9,827.2,3,1,-2,1163.33,17.8,1,0,4.86
4883,2025-09-23,Chicago,Northeast,Sea,Carrier C,8.49,1776.1,635.7,3,7,4,391.97,4.5,0,0,2.69
4884,2025-06-13,Atlanta,Northeast,Road,Carrier B,1.43,218.3,693.5,2,1,-1,828.54,4.2,1,0,4.88
4885,2025-05-30,Newark,Midwest,Road,Carrier A,6.59,1230.7,499.1,1,1,0,789.47,11.3,1,0,5.0
4886,2025-09-03,Atlanta,Midwest,Road,Carrier B,1.55,132.2,597.1,2,2,0,772.55,12.5,1,0,4.55
4887,2025-12-25,Los Angeles,Northeast,Road,Carrier A,3.39,658.6,1100.2,3,3,0,1518.85,4.8,1,0,5.0
4888,2025-10-22,Los Angeles,Southeast,Road,Carrier D,4.48,727.0,1173.0,3,3,0,1557.04,11.7,1,0,3.88
4889,2025-06-29,Seattle,West,Road,Carrier D,8.85,1202.8,1359.7,3,2,-1,1789.81,6.0,1,0,4.29
4890,2025-12-23,Dallas,International,Sea,Carrier A,3.13,336.3,4198.6,13,12,-1,1344.27,7.8,1,0,5.0
4891,2025-03-07,Chicago,Northeast,Road,Carrier B,6.03,1006.8,835.4,2,3,1,1166.87,10.1,0,0,4.45
4892,2025-06-08,Atlanta,Northeast,Road,Carrier B,3.01,297.7,986.4,2,2,0,1244.71,8.7,1,0,4.31
4893,2025-08-07,Atlanta,Midwest,Road,Carrier B,1.83,213.6,519.3,1,2,1,714.27,17.2,0,0,4.88
4894,2025-11-24,Dallas,Northeast,Road,Carrier A,3.98,418.4,759.3,2,3,1,1077.03,5.0,0,0,4.37
4895,2025-10-31,Newark,Midwest,Road,Carrier A,2.3,298.5,545.5,2,4,2,687.83,5.9,0,0,4.26
4896,2025-03-07,Atlanta,Southeast,Road,Carrier A,2.27,340.2,974.6,2,3,1,1305.14,16.2,0,0,4.28
4897,2025-08-16,Dallas,Southeast,Road,Carrier A,2.9,598.1,1042.4,3,5,2,1294.55,6.1,0,0,3.98
4898,2025-09-18,Newark,Northeast,Air,Carrier D,4.09,327.5,796.9,2,2,0,2973.97,6.7,1,0,5.0
4899,2025-06-28,Dallas,West,Road,Carrier D,6.68,1355.1,2605.4,5,6,1,3488.93,15.0,0,0,4.65
4900,2025-10-11,Newark,Northeast,Road,Carrier C,5.46,542.4,914.3,2,2,0,1302.15,16.8,1,0,5.0
4901,2025-03-05,Los Angeles,Southwest,Road,Carrier A,4.5,391.7,1238.1,2,2,0,1615.56,11.5,1,0,4.71
4902,2025-07-11,Chicago,Southeast,Rail,Carrier A,8.5,986.3,626.3,3,4,1,560.99,7.6,0,0,4.45
4903,2025-08-31,Seattle,Southwest,Road,Carrier A,9.8,1113.0,681.0,2,1,-1,1080.29,13.5,1,0,5.0
4904,2025-06-20,Atlanta,International,Sea,Carrier B,2.66,397.3,6422.2,19,18,-1,1833.45,10.1,1,0,4.73
4905,2025-09-26,Los Angeles,Southeast,Road,Carrier B,0.8,67.8,716.1,2,2,0,864.01,7.6,1,0,5.0
4906,2025-04-20,Chicago,Northeast,Sea,Carrier C,5.01,580.1,770.5,3,5,2,327.89,10.5,0,0,3.92
4907,2025-11-28,Newark,Southeast,Road,Carrier D,1.28,262.0,478.0,2,3,1,735.63,17.7,0,0,4.88
4908,2025-01-22,Los Angeles,Midwest,Road,Carrier D,4.92,658.7,534.7,2,3,1,810.23,16.6,0,0,3.99
4909,2025-02-10,Chicago,Midwest,Sea,Carrier C,5.87,849.5,456.9,2,1,-1,286.76,17.2,1,0,4.93
4910,2025-08-29,Dallas,Midwest,Air,Carrier B,0.33,50.7,637.5,1,1,0,2446.65,12.5,1,0,5.0
4911,2025-05-24,Chicago,Southwest,Sea,Carrier C,1.98,411.8,933.5,4,6,2,297.9,5.0,0,1,2.64
4912,2025-07-17,Dallas,Southwest,Road,Carrier A,1.98,356.4,1325.4,3,2,-1,1653.1,9.8,1,0,4.97
4913,2025-04-27,Seattle,Southeast,Road,Carrier A,4.9,654.7,1064.0,3,5,2,1373.65,7.6,0,0,4.47
4914,2025-05-25,Atlanta,Southeast,Road,Carrier D,4.88,871.3,619.0,2,2,0,912.41,14.4,1,0,4.81
4915,2025-05-01,Newark,International,Sea,Carrier B,0.83,117.9,5272.0,16,15,-1,1475.25,10.4,1,0,4.92
4916,2025-01-12,Dallas,Midwest,Air,Carrier A,2.61,436.2,580.0,2,3,1,2321.73,14.2,0,0,4.53
4917,2025-12-07,Newark,West,Air,Carrier A,4.95,544.7,1266.5,1,2,1,5469.92,10.8,0,0,4.18
4918,2025-09-16,Newark,Southeast,Road,Carrier B,0.96,124.0,608.8,2,2,0,754.38,9.3,1,0,5.0
4919,2025-04-18,Atlanta,Midwest,Road,Carrier B,3.69,391.7,615.3,2,3,1,850.3,13.1,0,0,4.08
4920,2025-10-19,Atlanta,Northeast,Rail,Carrier A,6.67,911.9,897.8,3,5,2,707.2,10.6,0,0,4.16
4921,2025-09-29,Chicago,Southeast,Road,Carrier A,1.65,316.2,298.7,2,3,1,388.29,5.2,0,0,5.0
4922,2025-06-21,Seattle,Southwest,Road,Carrier D,0.68,86.5,977.8,3,3,0,1249.13,14.6,1,0,4.16
4923,2025-02-19,Atlanta,Northeast,Rail,Carrier A,1.78,344.3,713.9,2,1,-1,489.01,12.0,1,0,5.0
4924,2025-12-31,Atlanta,International,Sea,Carrier B,1.82,351.5,6140.8,18,18,0,1847.56,4.4,1,0,5.0
4925,2025-03-24,Seattle,Midwest,Road,Carrier B,5.28,461.1,539.6,1,1,0,804.93,15.7,1,0,4.52
4926,2025-07-05,Newark,Midwest,Road,Carrier D,1.88,407.9,202.3,2,2,0,315.02,16.2,1,0,5.0
4927,2025-02-06,Atlanta,Southeast,Road,Carrier C,5.26,874.4,1064.6,2,3,1,1402.31,8.4,0,0,4.39
4928,2025-11-08,Los Angeles,Northeast,Road,Carrier B,1.6,252.3,712.8,2,3,1,975.24,6.1,0,0,4.5
4929,2025-10-17,Seattle,Midwest,Road,Carrier C,0.28,54.3,580.1,2,1,-1,745.0,15.5,1,0,5.0
4930,2025-02-16,Atlanta,Southwest,Road,Carrier B,3.83,738.4,594.9,1,1,0,793.62,6.0,1,0,5.0
4931,2025-11-27,Atlanta,Northeast,Rail,Carrier A,1.8,232.0,1105.1,4,5,1,762.38,5.3,0,0,4.54
4932,2025-02-21,Atlanta,West,Rail,Carrier B,1.28,126.5,1555.3,4,4,0,969.89,10.1,1,0,5.0
4933,2025-11-25,Atlanta,Midwest,Road,Carrier B,0.86,108.0,629.9,2,5,3,853.09,7.1,0,0,3.28
4934,2025-12-05,Chicago,Northeast,Road,Carrier D,0.48,81.3,861.6,2,2,0,1135.34,5.7,1,0,4.86
4935,2025-10-16,Seattle,Southwest,Sea,Carrier A,1.25,129.1,1023.6,4,2,-2,329.76,17.3,1,0,4.19
4936,2025-04-29,Chicago,Northeast,Sea,Carrier A,1.69,240.7,735.0,3,1,-2,235.75,6.6,1,0,5.0
4937,2025-02-02,Chicago,West,Road,Carrier C,3.48,367.7,1077.0,2,2,0,1476.15,17.6,1,0,5.0
4938,2025-12-22,Atlanta,Southwest,Road,Carrier B,2.41,210.9,1194.9,3,4,1,1676.87,10.0,0,0,4.84
4939,2025-12-05,Dallas,Northeast,Air,Carrier A,5.23,945.7,986.6,2,4,2,4599.18,18.0,0,0,4.68
4940,2025-12-06,Newark,Northeast,Road,Carrier B,3.33,460.9,785.6,2,2,0,1204.98,14.8,1,0,5.0
4941,2025-02-26,Newark,West,Air,Carrier D,4.19,360.2,1906.8,2,2,0,7528.85,14.7,1,0,5.0
4942,2025-09-21,Atlanta,Northeast,Sea,Carrier B,10.14,1678.3,769.0,3,2,-1,477.5,11.5,1,0,5.0
4943,2025-07-25,Seattle,Southeast,Road,Carrier B,3.76,462.2,1237.5,3,4,1,1519.88,5.5,0,0,4.47
4944,2025-01-31,Newark,Northeast,Sea,Carrier B,3.07,536.1,893.6,3,2,-1,339.78,14.7,1,0,5.0
4945,2025-05-10,Seattle,West,Road,Carrier B,2.82,271.8,1168.0,2,3,1,1484.15,10.7,0,0,5.0
4946,2025-01-23,Chicago,Midwest,Rail,Carrier A,0.5,71.2,591.2,2,2,0,361.85,7.6,1,0,5.0
4947,2025-04-19,Dallas,Southeast,Road,Carrier B,4.86,795.1,1098.3,3,3,0,1407.97,6.6,1,0,5.0
4948,2025-10-14,Atlanta,Northeast,Road,Carrier B,2.44,476.4,717.0,2,2,0,877.91,3.4,1,0,4.99
4949,2025-01-29,Atlanta,Southwest,Rail,Carrier C,6.44,720.8,618.0,2,4,2,534.88,13.2,0,0,3.73
4950,2025-10-30,Dallas,West,Road,Carrier A,1.42,237.6,1805.9,4,4,0,2286.28,13.2,1,0,4.73
4951,2025-02-06,Newark,International,Sea,Carrier A,2.65,281.5,6056.5,18,17,-1,1619.67,3.3,1,0,5.0
4952,2025-06-27,Dallas,Southwest,Road,Carrier A,3.21,373.6,924.7,2,1,-1,1119.77,3.3,1,0,4.96
4953,2025-04-29,Atlanta,Midwest,Air,Carrier A,9.35,1188.4,294.0,1,1,0,1386.4,15.6,1,0,5.0
4954,2025-06-28,Seattle,International,Sea,Carrier A,1.74,331.1,6727.2,21,21,0,1917.6,11.2,1,0,4.61
4955,2025-08-09,Atlanta,Midwest,Road,Carrier C,2.76,521.1,523.6,1,1,0,691.66,7.5,1,0,4.33
4956,2025-03-24,Dallas,Midwest,Air,Carrier C,2.36,217.1,409.7,1,1,0,1601.88,11.3,1,0,5.0
4957,2025-05-25,Seattle,Midwest,Road,Carrier D,0.69,94.6,438.9,2,1,-1,570.19,14.5,1,0,4.51
4958,2025-03-25,Seattle,Midwest,Road,Carrier D,2.07,319.4,282.4,2,2,0,373.34,4.4,1,0,4.16
4959,2025-06-10,Newark,Northeast,Road,Carrier B,1.32,154.7,654.7,2,1,-1,841.96,12.6,1,0,4.92
4960,2025-01-10,Dallas,International,Rail,Carrier C,1.11,213.4,7647.0,16,19,3,4533.67,7.1,0,0,3.08
4961,2025-11-20,Los Angeles,Northeast,Road,Carrier A,6.48,926.9,893.0,2,2,0,1332.84,5.7,1,0,4.28
4962,2025-10-06,Newark,Northeast,Rail,Carrier C,4.34,439.4,1001.0,3,2,-1,684.85,7.4,1,0,5.0
4963,2025-07-28,Dallas,Midwest,Air,Carrier D,6.65,890.1,571.7,1,1,0,2345.04,12.3,1,0,4.89
4964,2025-08-27,Los Angeles,West,Road,Carrier A,1.38,147.6,1264.7,3,2,-1,1647.68,16.1,1,0,4.66
4965,2025-11-12,Los Angeles,Midwest,Road,Carrier C,0.7,141.4,602.7,2,4,2,866.61,13.7,0,0,4.49
4966,2025-07-13,Newark,West,Road,Carrier C,3.38,607.3,1358.0,3,2,-1,1730.82,9.9,1,0,4.67
4967,2025-04-06,Los Angeles,Northeast,Road,Carrier C,0.56,76.8,686.5,2,2,0,877.16,14.3,1,0,5.0
4968,2025-10-20,Seattle,West,Road,Carrier C,3.88,687.9,1144.9,3,3,0,1443.99,6.8,1,0,4.73
4969,2025-09-19,Chicago,West,Road,Carrier B,2.55,509.0,1260.2,2,1,-1,1616.72,11.5,1,0,4.9
4970,2025-10-17,Chicago,International,Sea,Carrier C,5.51,574.4,5163.2,16,17,1,1632.12,16.4,0,1,2.89
4971,2025-06-10,Chicago,Midwest,Air,Carrier C,7.81,1405.0,700.1,1,2,1,2947.86,14.8,0,0,5.0
4972,2025-09-01,Atlanta,Southwest,Rail,Carrier C,2.39,195.0,790.9,3,4,1,543.94,13.2,0,0,4.79
4973,2025-05-19,Atlanta,Midwest,Rail,Carrier A,2.89,347.3,565.5,2,1,-1,417.07,12.2,1,0,4.56
4974,2025-07-22,Chicago,Midwest,Road,Carrier D,1.93,333.8,771.7,2,3,1,979.5,9.5,0,0,4.41
4975,2025-02-16,Dallas,Southeast,Road,Carrier A,3.18,380.1,678.7,2,2,0,858.01,5.5,1,0,5.0
4976,2025-07-31,Dallas,Northeast,Air,Carrier B,0.36,60.4,430.6,1,1,0,1662.19,12.9,1,0,4.8
4977,2025-10-16,Atlanta,Midwest,Road,Carrier B,4.92,928.9,292.0,2,2,0,469.69,6.4,1,0,5.0
4978,2025-02-15,Chicago,Southwest,Road,Carrier B,1.69,147.8,1156.7,2,2,0,1389.96,6.5,1,0,4.91
4979,2025-09-13,Los Angeles,International,Sea,Carrier B,3.47,645.0,7009.5,21,20,-1,2124.96,15.7,1,0,5.0
4980,2025-12-19,Los Angeles,Southwest,Road,Carrier B,1.36,171.3,1257.3,3,3,0,1731.71,9.5,1,0,5.0
4981,2025-12-14,Seattle,Southeast,Air,Carrier D,2.87,350.6,839.3,1,2,1,3456.56,5.9,0,0,4.79
4982,2025-01-14,Newark,Northeast,Road,Carrier B,0.88,145.7,640.4,2,1,-1,766.93,5.8,1,0,5.0
4983,2025-05-03,Atlanta,Southeast,Road,Carrier C,4.73,474.8,681.8,2,3,1,938.45,11.1,0,0,4.66
4984,2025-09-13,Los Angeles,Southeast,Road,Carrier D,4.32,728.4,624.0,2,2,0,907.41,15.2,1,0,4.79
4985,2025-02-07,Chicago,Southeast,Sea,Carrier C,1.17,95.5,771.1,3,1,-2,226.97,5.5,1,0,4.45
4986,2025-10-19,Los Angeles,Midwest,Road,Carrier D,8.59,1732.6,439.7,2,3,1,742.42,6.2,0,0,4.71
4987,2025-11-10,Seattle,International,Air,Carrier B,0.62,108.5,3957.8,2,3,1,16566.41,9.8,0,0,4.28
4988,2025-02-04,Atlanta,Southwest,Sea,Carrier A,1.09,90.5,971.1,4,2,-2,272.62,3.4,1,0,4.56
4989,2025-12-14,Los Angeles,Southeast,Road,Carrier A,6.49,820.9,1111.3,2,4,2,1617.1,6.1,0,0,4.25
4990,2025-11-02,Dallas,Southeast,Road,Carrier B,0.87,88.5,1107.6,3,4,1,1601.5,15.7,0,0,5.0
4991,2025-03-12,Seattle,Midwest,Air,Carrier A,0.4,50.2,438.3,1,2,1,1657.48,10.6,0,0,4.7
4992,2025-10-25,Chicago,Midwest,Rail,Carrier A,1.6,161.7,391.4,2,2,0,264.36,6.9,1,0,4.9
4993,2025-10-14,Atlanta,Northeast,Air,Carrier B,1.12,137.1,815.2,1,1,0,3270.58,17.0,1,0,4.35
4994,2025-10-04,Chicago,Northeast,Road,Carrier A,3.49,492.0,837.3,2,1,-1,1066.87,6.9,1,0,5.0
4995,2025-01-22,Newark,Midwest,Road,Carrier C,6.6,731.7,624.6,2,1,-1,955.06,16.1,1,0,4.78
4996,2025-03-13,Chicago,Northeast,Road,Carrier A,1.46,184.3,1494.3,3,3,0,1828.91,9.2,1,0,4.91
4997,2025-12-06,Newark,Northeast,Road,Carrier B,9.72,778.2,451.7,2,3,1,896.32,17.4,0,0,4.12
4998,2025-11-20,Dallas,Northeast,Road,Carrier B,12.25,1260.0,515.4,1,3,2,1058.05,16.1,0,0,4.0
4999,2025-08-06,Newark,Midwest,Rail,Carrier A,1.15,232.8,569.7,2,1,-1,362.45,5.9,1,0,4.88
5000,2025-03-03,Chicago,Northeast,Road,Carrier D,8.93,1815.0,790.4,2,2,0,1213.41,10.9,1,0,4.21
